aggregateSizeList1,aggregateSizeList2
2.26930176,Sa
3.40395264,Sa
2.54529792,Sa
4.26260736,Sa
1.19598336,Sa
0.70532352,Sa
1.87064064,Sa
3.12795648,Sa
2.94395904,Sa
0.95065344,Sa
1.56397824,Sa
1.65597696,Sa
2.7599616,Sa
2.4532992,Sa
1.41064704,Sa
1.65597696,Sa
1.04265216,Sa
1.13465088,Sa
1.28798208,Sa
0.64399104,Sa
1.77864192,Sa
0.39866112,Sa
2.26930176,Sa
2.69862912,Sa
5.30525952,Sa
2.72929536,Sa
1.9933056,Sa
0.67465728,Sa
2.26930176,Sa
3.9866112,Sa
3.40395264,Sa
5.88791808,Sa
3.46528512,Sa
1.74797568,Sa
3.34262016,Sa
1.19598336,Sa
5.5199232,Sa
1.0733184,Sa
1.74797568,Sa
4.72260096,Sa
1.93197312,Sa
2.23863552,Sa
1.01198592,Sa
1.44131328,Sa
0.42932736,Sa
1.41064704,Sa
3.12795648,Sa
0.49065984,Sa
1.74797568,Sa
1.62531072,Sa
1.6866432,Sa
1.6866432,Sa
0.33732864,Sa
3.00529152,Sa
0.64399104,Sa
0.4599936,Sa
3.83328,Sa
1.04265216,Sa
1.28798208,Sa
0.70532352,Sa
0.766656,Sa
3.18928896,Sa
1.3799808,Sa
1.77864192,Sa
0.79732224,Sa
1.2266496,Sa
0.766656,Sa
1.74797568,Sa
3.2199552,Sa
1.6866432,Sa
2.54529792,Sa
0.82798848,Sa
0.3066624,Sa
0.3066624,Sa
2.72929536,Sa
1.533312,Sa
0.79732224,Sa
1.90130688,Sa
1.04265216,Sa
2.05463808,Sa
0.70532352,Sa
4.10927616,Sa
3.46528512,Sa
1.3799808,Sa
2.26930176,Sa
2.20796928,Sa
4.56926976,Sa
0.70532352,Sa
0.3066624,Sa
1.44131328,Sa
0.73598976,Sa
2.72929536,Sa
4.72260096,Sa
1.62531072,Sa
2.08530432,Sa
3.61861632,Sa
0.766656,Sa
1.77864192,Sa
0.3066624,Sa
2.63729664,Sa
3.77194752,Sa
0.64399104,Sa
0.9199872,Sa
1.3799808,Sa
0.36799488,Sa
1.90130688,Sa
3.92527872,Sa
3.83328,Sa
1.71730944,Sa
4.47727104,Sa
4.35460608,Sa
2.7599616,Sa
0.766656,Sa
2.66796288,Sa
1.44131328,Sa
1.77864192,Sa
2.63729664,Sa
1.28798208,Sa
0.9199872,Sa
2.02397184,Sa
3.95594496,Sa
1.2266496,Sa
0.766656,Sa
0.36799488,Sa
1.62531072,Sa
0.3066624,Sa
2.85196032,Sa
3.15862272,Sa
0.36799488,Sa
0.39866112,Sa
0.73598976,Sa
4.07860992,Sa
3.3732864,Sa
3.31195392,Sa
0.70532352,Sa
1.56397824,Sa
1.71730944,Sa
3.25062144,Sa
3.25062144,Sa
2.36130048,Sa
1.41064704,Sa
1.6866432,Sa
3.18928896,Sa
5.18259456,Sa
2.36130048,Sa
2.26930176,Sa
0.39866112,Sa
3.12795648,Sa
1.77864192,Sa
1.25731584,Sa
1.13465088,Sa
0.3066624,Sa
0.67465728,Sa
2.33063424,Sa
1.2266496,Sa
0.766656,Sa
5.09059584,Sa
0.33732864,Sa
5.64258816,Sa
1.13465088,Sa
2.17730304,Sa
0.766656,Sa
0.33732864,Sa
0.3066624,Sa
2.08530432,Sa
1.19598336,Sa
1.9933056,Sa
2.79062784,Sa
3.95594496,Sa
1.0733184,Sa
0.73598976,Sa
3.95594496,Sa
1.74797568,Sa
2.48396544,Sa
2.36130048,Sa
0.67465728,Sa
0.6133248,Sa
0.3066624,Sa
0.36799488,Sa
6.07191552,Sa
0.42932736,Sa
1.25731584,Sa
0.42932736,Sa
0.3066624,Sa
2.82129408,Sa
0.73598976,Sa
2.1466368,Sa
1.01198592,Sa
1.04265216,Sa
1.19598336,Sa
3.28128768,Sa
2.51463168,Sa
0.42932736,Sa
1.50264576,Sa
0.33732864,Sa
2.6066304,Sa
2.9132928,Sa
1.93197312,Sa
4.38527232,Sa
0.73598976,Sa
1.59464448,Sa
3.12795648,Sa
0.39866112,Sa
4.23194112,Sa
1.56397824,Sa
4.4466048,Sa
0.33732864,Sa
1.80930816,Sa
0.64399104,Sa
1.04265216,Sa
1.01198592,Sa
2.42263296,Sa
0.3066624,Sa
2.05463808,Sa
4.66126848,Sa
1.01198592,Sa
1.8399744,Sa
3.92527872,Sa
0.3066624,Sa
0.3066624,Sa
2.11597056,Sa
0.36799488,Sa
0.33732864,Sa
1.04265216,Sa
1.80930816,Sa
0.36799488,Sa
0.33732864,Sa
4.17060864,Sa
0.64399104,Sa
0.6133248,Sa
0.3066624,Sa
1.62531072,Sa
1.16531712,Sa
0.67465728,Sa
2.08530432,Sa
0.6133248,Sa
0.3066624,Sa
0.3066624,Sa
1.2266496,Sa
2.79062784,Sa
2.05463808,Sa
3.00529152,Sa
2.48396544,Sa
0.88932096,Sa
6.133248,Sa
0.3066624,Sa
1.13465088,Sa
2.72929536,Sa
1.59464448,Sa
1.87064064,Sa
2.57596416,Sa
1.96263936,Sa
2.54529792,Sa
0.39866112,Sa
0.67465728,Sa
0.73598976,Sa
0.36799488,Sa
1.80930816,Sa
2.26930176,Sa
0.3066624,Sa
1.93197312,Sa
1.9933056,Sa
3.3732864,Sa
0.85865472,Sa
1.2266496,Sa
1.6866432,Sa
0.33732864,Sa
1.80930816,Sa
1.9933056,Sa
0.73598976,Sa
1.62531072,Sa
1.65597696,Sa
2.23863552,Sa
1.31864832,Sa
1.0733184,Sa
1.0733184,Sa
0.52132608,Sa
2.39196672,Sa
0.33732864,Sa
2.39196672,Sa
1.87064064,Sa
1.9933056,Sa
3.9866112,Sa
4.41593856,Sa
2.08530432,Sa
0.70532352,Sa
0.39866112,Sa
1.25731584,Sa
1.93197312,Sa
0.36799488,Sa
0.3066624,Sa
0.36799488,Sa
2.66796288,Sa
0.4599936,Sa
1.04265216,Sa
0.3066624,Sa
1.34931456,Sa
0.9199872,Sa
2.17730304,Sa
2.26930176,Sa
0.39866112,Sa
0.6133248,Sa
0.33732864,Sa
2.1466368,Sa
0.33732864,Sa
0.4599936,Sa
2.42263296,Sa
0.33732864,Sa
7.0532352,Sa
1.01198592,Sa
0.33732864,Sa
0.3066624,Sa
0.67465728,Sa
1.6866432,Sa
1.6866432,Sa
1.34931456,Sa
0.36799488,Sa
0.39866112,Sa
1.8399744,Sa
3.95594496,Sa
1.13465088,Sa
0.33732864,Sa
0.33732864,Sa
9.53720064,Sa
0.6133248,Sa
0.64399104,Sa
0.67465728,Sa
0.79732224,Sa
0.95065344,Sa
2.48396544,Sa
1.13465088,Sa
0.33732864,Sa
0.64399104,Sa
0.67465728,Sa
0.3066624,Sa
1.6866432,Sa
1.41064704,Sa
0.3066624,Sa
0.39866112,Sa
0.3066624,Sa
0.3066624,Sa
0.3066624,Sa
2.08530432,Sa
0.33732864,Sa
0.33732864,Sa
0.3066624,Sa
1.13465088,Sa
0.3066624,Sa
2.6066304,Sa
1.19598336,Sa
5.55058944,Sa
0.33732864,Sa
1.16531712,Sa
0.3066624,Sa
4.23194112,Sa
0.39866112,Sa
1.50264576,Sa
0.6133248,Sa
0.82798848,Sa
2.26930176,Sa
0.3066624,Sa
0.9199872,Sa
2.54529792,Sa
1.71730944,Sa
1.34931456,Sa
0.766656,Sa
2.17730304,Sa
1.50264576,Sa
4.07860992,Sa
1.10398464,Sa
0.73598976,Sa
0.49065984,Sa
0.3066624,Sa
0.3066624,Sa
0.3066624,Sa
2.51463168,Sa
1.74797568,Sa
0.3066624,Sa
2.88262656,Sa
1.8399744,Sa
0.67465728,Sa
0.42932736,Sa
0.73598976,Sa
0.42932736,Sa
2.02397184,Sa
1.13465088,Sa
0.95065344,Sa
1.74797568,Sa
4.56926976,Sa
0.42932736,Sa
2.23863552,Sa
1.13465088,Sa
0.33732864,Sa
0.33732864,Sa
0.6133248,Sa
0.33732864,Sa
0.70532352,Sa
1.41064704,Sa
1.2266496,Sa
0.67465728,Sa
0.70532352,Sa
2.69862912,Sa
0.33732864,Sa
0.33732864,Sa
0.3066624,Sa
0.67465728,Sa
1.44131328,Sa
0.3066624,Sa
1.04265216,Sa
0.73598976,Sa
0.85865472,Sa
0.64399104,Sa
0.79732224,Sa
5.79591936,Sa
5.27459328,Sa
1.6866432,Sa
1.62531072,Sa
1.59464448,Sa
1.71730944,Sa
1.28798208,Sa
0.95065344,Sa
0.85865472,Sa
1.10398464,Sa
1.13465088,Sa
2.17730304,Sa
0.36799488,Sa
1.62531072,Sa
1.01198592,Sa
0.64399104,Sa
0.3066624,Sa
2.33063424,Sa
0.3066624,Sa
2.54529792,Sa
0.3066624,Sa
2.48396544,Sa
1.41064704,Sa
0.33732864,Sa
0.42932736,Sa
0.39866112,Sa
0.85865472,Sa
0.3066624,Sa
0.33732864,Sa
2.79062784,Sa
2.54529792,Sa
0.33732864,Sa
1.9933056,Sa
1.0733184,Sa
0.3066624,Sa
3.49595136,Sa
3.09729024,Sa
0.39866112,Sa
0.49065984,Sa
0.3066624,Sa
1.62531072,Sa
0.3066624,Sa
2.66796288,Sa
5.0599296,Sa
0.79732224,Sa
0.3066624,Sa
0.33732864,Sa
0.6133248,Sa
0.3066624,Sa
0.3066624,Sa
1.71730944,Sa
1.44131328,Sa
0.98131968,Sa
0.67465728,Sa
0.33732864,Sa
0.33732864,Sa
1.80930816,Sa
0.3066624,Sa
0.3066624,Sa
1.04265216,Sa
0.95065344,Sa
2.94395904,Sa
0.33732864,Sa
0.766656,Sa
0.3066624,Sa
0.6133248,Sa
0.58265856,Sa
1.77864192,Sa
0.33732864,Sa
0.73598976,Sa
2.9132928,Sa
1.01198592,Sa
0.3066624,Sa
1.90130688,Sa
1.0733184,Sa
0.67465728,Sa
0.3066624,Sa
1.0733184,Sa
0.4599936,Sa
1.93197312,Sa
0.79732224,Sa
2.23863552,Sa
0.33732864,Sa
5.24392704,Sa
1.04265216,Sa
0.766656,Sa
2.88262656,Sa
1.41064704,Sa
0.42932736,Sa
5.366592,Sa
1.56397824,Sa
2.63729664,Sa
0.3066624,Sa
2.69862912,Sa
1.87064064,Sa
1.47197952,Sa
0.3066624,Sa
0.33732864,Sa
1.6866432,Sa
0.70532352,Sa
3.066624,Sa
0.36799488,Sa
1.3799808,Sa
1.28798208,Sa
2.82129408,Sa
0.49065984,Sa
0.9199872,Sa
0.88932096,Sa
0.79732224,Sa
0.98131968,Sa
1.533312,Sa
0.3066624,Sa
0.67465728,Sa
0.36799488,Sa
0.95065344,Sa
0.33732864,Sa
0.67465728,Sa
4.04794368,Sa
0.6133248,Sa
0.3066624,Sa
0.39866112,Sa
1.25731584,Sa
0.4599936,Sa
1.0733184,Sa
0.3066624,Sa
2.94395904,Sa
0.766656,Sa
0.33732864,Sa
0.33732864,Sa
1.2266496,Sa
0.67465728,Sa
0.67465728,Sa
1.2266496,Sa
0.70532352,Sa
1.71730944,Sa
0.85865472,Sa
0.36799488,Sa
0.3066624,Sa
0.64399104,Sa
1.44131328,Sa
0.766656,Sa
1.04265216,Sa
0.3066624,Sa
1.47197952,Sa
0.3066624,Sa
0.42932736,Sa
0.70532352,Sa
3.15862272,Sa
0.39866112,Sa
2.11597056,Sa
3.34262016,Sa
1.50264576,Sa
0.3066624,Sa
0.67465728,Sa
0.55199232,Sa
0.3066624,Sa
0.3066624,Sa
1.87064064,Sa
0.36799488,Sa
0.67465728,Sa
0.766656,Sa
1.10398464,Sa
0.33732864,Sa
2.51463168,Sa
2.97462528,Sa
0.98131968,Sa
0.3066624,Sa
1.93197312,Sa
0.33732864,Sa
2.39196672,Sa
1.16531712,Sa
0.33732864,Sa
1.6866432,Sa
0.33732864,Sa
1.19598336,Sa
0.95065344,Sa
0.33732864,Sa
0.98131968,Sa
3.3732864,Sa
2.42263296,Sa
2.6066304,Sa
0.98131968,Sa
1.59464448,Sa
2.82129408,Sa
1.77864192,Sa
0.88932096,Sa
0.36799488,Sa
2.05463808,Sa
0.33732864,Sa
1.47197952,Sa
0.3066624,Sa
1.47197952,Sa
1.533312,Sa
2.51463168,Sa
0.64399104,Sa
1.533312,Sa
0.67465728,Sa
1.59464448,Sa
0.3066624,Sa
3.03595776,Sa
4.01727744,Sa
2.17730304,Sa
3.80261376,Sa
0.3066624,Sa
0.3066624,Sa
1.9933056,Sa
1.93197312,Sa
1.19598336,Sa
0.33732864,Sa
0.3066624,Sa
0.36799488,Sa
1.01198592,Sa
0.82798848,Sa
0.3066624,Sa
4.1399424,Sa
3.61861632,Sa
1.31864832,Sa
0.79732224,Sa
1.56397824,Sa
0.3066624,Sa
0.3066624,Sa
0.39866112,Sa
0.33732864,Sa
1.533312,Sa
2.7599616,Sa
3.89461248,Sa
0.33732864,Sa
1.74797568,Sa
1.13465088,Sa
0.4599936,Sa
0.766656,Sa
0.9199872,Sa
4.7532672,Sa
0.3066624,Sa
0.39866112,Sa
1.28798208,Sa
0.36799488,Sa
0.3066624,Sa
0.64399104,Sa
0.33732864,Sa
0.85865472,Sa
0.49065984,Sa
0.67465728,Sa
0.88932096,Sa
0.3066624,Sa
0.39866112,Sa
0.6133248,Sa
0.9199872,Sa
1.31864832,Sa
0.79732224,Sa
1.71730944,Sa
0.98131968,Sa
0.70532352,Sa
0.70532352,Sa
0.3066624,Sa
0.3066624,Sa
4.53860352,Sa
0.64399104,Sa
1.28798208,Sa
0.3066624,Sa
1.6866432,Sa
1.04265216,Sa
1.13465088,Sa
0.36799488,Sa
1.10398464,Sa
0.98131968,Sa
0.33732864,Sa
0.3066624,Sa
0.3066624,Sa
0.3066624,Sa
0.3066624,Sa
0.3066624,Sa
0.766656,Sa
0.36799488,Sa
0.3066624,Sa
3.83328,Sa
3.83328,Sa
0.3066624,Sa
2.23863552,Sa
0.70532352,Sa
0.33732864,Sa
0.36799488,Sa
1.9933056,Sa
1.0733184,Sa
0.3066624,Sa
0.33732864,Sa
1.19598336,Sa
1.74797568,Sa
0.36799488,Sa
0.85865472,Sa
0.9199872,Sa
0.3066624,Sa
0.36799488,Sa
0.33732864,Sa
3.80261376,Sa
0.33732864,Sa
0.39866112,Sa
0.39866112,Sa
1.65597696,Sa
0.82798848,Sa
0.39866112,Sa
0.3066624,Sa
1.93197312,Sa
0.88932096,Sa
1.90130688,Sa
1.2266496,Sa
1.04265216,Sa
2.36130048,Sa
0.3066624,Sa
1.01198592,Sa
0.3066624,Sa
0.36799488,Sa
0.3066624,Sa
0.3066624,Sa
1.59464448,Sa
0.36799488,Sa
0.33732864,Sa
0.82798848,Sa
2.42263296,Sa
2.11597056,Sa
0.39866112,Sa
0.3066624,Sa
0.9199872,Sa
1.16531712,Sa
0.766656,Sa
1.0733184,Sa
0.39866112,Sa
0.36799488,Sa
0.39866112,Sa
0.82798848,Sa
0.36799488,Sa
0.36799488,Sa
0.3066624,Sa
0.36799488,Sa
0.73598976,Sa
1.6866432,Sa
0.33732864,Sa
1.16531712,Sa
0.70532352,Sa
0.58265856,Sa
0.33732864,Sa
0.3066624,Sa
2.69862912,Sa
0.3066624,Sa
0.95065344,Sa
1.8399744,Sa
2.39196672,Sa
3.9866112,Sa
0.98131968,Sa
0.36799488,Sa
1.3799808,Sa
1.34931456,Sa
5.02926336,Sa
0.39866112,Sa
0.79732224,Sa
9.13853952,Sa
0.36799488,Sa
2.72929536,Sa
2.54529792,Sa
0.39866112,Sa
0.36799488,Sa
1.56397824,Sa
0.95065344,Sa
0.39866112,Sa
0.3066624,Sa
0.3066624,Sa
1.10398464,Sa
0.9199872,Sa
1.3799808,Sa
1.44131328,Sa
2.4532992,Sa
1.25731584,Sa
0.70532352,Sa
0.42932736,Sa
0.3066624,Sa
2.33063424,Sa
3.86394624,Sa
0.6133248,Sa
1.10398464,Sa
3.5266176,Sa
1.01198592,Sa
0.3066624,Sa
0.88932096,Sa
0.3066624,Sa
0.39866112,Sa
0.36799488,Sa
0.3066624,Sa
0.82798848,Sa
1.01198592,Sa
0.3066624,Sa
0.3066624,Sa
2.33063424,Sa
0.67465728,Sa
0.36799488,Sa
2.02397184,Sa
0.79732224,Sa
1.31864832,Sa
0.36799488,Sa
0.98131968,Sa
4.38527232,Sa
0.64399104,Sa
0.64399104,Sa
0.33732864,Sa
2.20796928,Sa
2.69862912,Sa
3.49595136,Sa
0.85865472,Sa
0.6133248,Sa
2.63729664,Sa
0.3066624,Sa
0.64399104,Sa
1.93197312,Sa
1.13465088,Sa
0.36799488,Sa
0.33732864,Sa
1.56397824,Sa
0.9199872,Sa
3.25062144,Sa
0.3066624,Sa
0.3066624,Sa
0.70532352,Sa
1.25731584,Sa
0.49065984,Sa
0.39866112,Sa
0.39866112,Sa
2.57596416,Sa
0.33732864,Sa
0.36799488,Sa
0.3066624,Sa
0.70532352,Sa
1.44131328,Sa
0.3066624,Sa
0.73598976,Sa
0.33732864,Sa
0.73598976,Sa
1.13465088,Sa
3.066624,Sa
0.3066624,Sa
2.39196672,Sa
1.533312,Sa
0.766656,Sa
1.0733184,Sa
1.16531712,Sa
0.33732864,Sa
3.58795008,Sa
0.3066624,Sa
0.4599936,Sa
0.3066624,Sa
0.3066624,Sa
0.33732864,Sa
0.64399104,Sa
1.10398464,Sa
1.77864192,Sa
1.74797568,Sa
0.64399104,Sa
0.33732864,Sa
0.3066624,Sa
0.88932096,Sa
0.4599936,Sa
1.59464448,Sa
0.4599936,Sa
0.95065344,Sa
1.16531712,Sa
3.28128768,Sa
0.67465728,Sa
1.44131328,Sa
0.36799488,Sa
0.98131968,Sa
0.33732864,Sa
0.36799488,Sa
0.33732864,Sa
0.4599936,Sa
1.10398464,Sa
1.01198592,Sa
1.04265216,Sa
0.3066624,Sa
1.71730944,Sa
0.33732864,Sa
0.33732864,Sa
1.2266496,Sa
0.3066624,Sa
2.1466368,Sa
0.3066624,Sa
0.4599936,Sa
0.766656,Sa
1.19598336,Sa
0.36799488,Sa
1.50264576,Sa
1.28798208,Sa
0.33732864,Sa
1.01198592,Sa
7.14523392,Sa
3.40395264,Sa
0.36799488,Sa
0.6133248,Sa
0.6133248,Sa
2.33063424,Sa
1.01198592,Sa
3.09729024,Sa
4.35460608,Sa
0.36799488,Sa
0.3066624,Sa
0.3066624,Sa
2.94395904,Sa
0.6133248,Sa
1.25731584,Sa
0.33732864,Sa
0.64399104,Sa
0.52132608,Sa
0.36799488,Sa
0.3066624,Sa
0.67465728,Sa
0.36799488,Sa
1.41064704,Sa
0.67465728,Sa
4.78393344,Sa
0.36799488,Sa
1.533312,Sa
0.42932736,Sa
0.3066624,Sa
0.3066624,Sa
0.6133248,Sa
1.41064704,Sa
2.1466368,Sa
0.3066624,Sa
0.79732224,Sa
0.33732864,Sa
2.6066304,Sa
0.36799488,Sa
0.3066624,Sa
0.3066624,Sa
0.36799488,Sa
3.71061504,Sa
0.82798848,Sa
1.10398464,Sa
1.10398464,Sa
0.64399104,Sa
0.36799488,Sa
0.36799488,Sa
1.44131328,Sa
0.3066624,Sa
0.3066624,Sa
0.95065344,Sa
0.766656,Sa
1.04265216,Sa
0.3066624,Sa
0.82798848,Sa
0.766656,Sa
0.33732864,Sa
0.42932736,Sa
0.3066624,Sa
1.3799808,Sa
0.3066624,Sa
1.0733184,Sa
2.08530432,Sa
2.33063424,Sa
1.44131328,Sa
0.33732864,Sa
0.79732224,Sa
0.79732224,Sa
1.77864192,Sa
2.4532992,Sa
0.67465728,Sa
1.28798208,Sa
0.6133248,Sa
1.62531072,Sa
2.79062784,Sa
0.36799488,Sa
3.64928256,Sa
0.79732224,Sa
0.33732864,Sa
0.766656,Sa
0.33732864,Sa
1.47197952,Sa
6.899904,Sa
0.3066624,Sa
0.3066624,Sa
1.47197952,Sa
1.6866432,Sa
0.33732864,Sa
0.33732864,Sa
0.36799488,Sa
0.3066624,Sa
0.39866112,Sa
0.73598976,Sa
2.299968,Sa
0.3066624,Sa
0.49065984,Sa
0.49065984,Sa
0.3066624,Sa
1.10398464,Sa
0.39866112,Sa
2.82129408,Sa
0.85865472,Sa
0.39866112,Sa
1.19598336,Sa
5.9799168,Sa
0.3066624,Sa
0.4599936,Sa
0.67465728,Sa
0.39866112,Sa
1.16531712,Sa
0.67465728,Sa
0.67465728,Sa
0.33732864,Sa
1.28798208,Sa
0.33732864,Sa
0.70532352,Sa
0.36799488,Sa
1.93197312,Sa
1.56397824,Sa
0.33732864,Sa
0.33732864,Sa
0.95065344,Sa
0.70532352,Sa
0.70532352,Sa
0.70532352,Sa
3.64928256,Sa
0.70532352,Sa
1.0733184,Sa
0.33732864,Sa
0.3066624,Sa
1.9933056,Sa
0.39866112,Sa
1.28798208,Sa
0.33732864,Sa
0.39866112,Sa
1.533312,Sa
0.3066624,Sa
0.88932096,Sa
4.1399424,Sa
4.4466048,Sa
0.3066624,Sa
0.39866112,Sa
0.3066624,Sa
1.10398464,Sa
1.44131328,Sa
0.42932736,Sa
1.9933056,Sa
0.3066624,Sa
0.67465728,Sa
0.3066624,Sa
0.3066624,Sa
3.15862272,Sa
0.73598976,Sa
2.1466368,Sa
0.3066624,Sa
0.70532352,Sa
0.67465728,Sa
0.766656,Sa
0.36799488,Sa
0.766656,Sa
0.36799488,Sa
0.3066624,Sa
1.16531712,Sa
0.3066624,Sa
0.33732864,Sa
0.52132608,Sa
2.63729664,Sa
1.47197952,Sa
0.3066624,Sa
0.42932736,Sa
0.39866112,Sa
0.36799488,Sa
0.36799488,Sa
0.58265856,Sa
0.52132608,Sa
0.79732224,Sa
1.9933056,Sa
3.066624,Sa
1.56397824,Sa
0.39866112,Sa
0.36799488,Sa
0.3066624,Sa
0.82798848,Sa
4.599936,Sa
0.36799488,Sa
1.44131328,Sa
2.48396544,Sa
1.65597696,Sa
0.36799488,Sa
0.36799488,Sa
3.18928896,Sa
0.36799488,Sa
1.65597696,Sa
0.39866112,Sa
5.2132608,Sa
0.73598976,Sa
0.39866112,Sa
0.52132608,Sa
0.4599936,Sa
1.28798208,Sa
0.3066624,Sa
0.3066624,Sa
0.3066624,Sa
2.94395904,Sa
0.3066624,Sa
0.3066624,Sa
2.08530432,Sa
0.9199872,Sa
0.39866112,Sa
0.3066624,Sa
1.9933056,Sa
0.58265856,Sa
0.64399104,Sa
1.13465088,Sa
3.49595136,Sa
0.3066624,Sa
0.36799488,Sa
1.01198592,Sa
1.3799808,Sa
1.2266496,Sa
2.20796928,Sa
0.766656,Sa
0.67465728,Sa
2.299968,Sa
0.42932736,Sa
0.85865472,Sa
0.49065984,Sa
1.3799808,Sa
0.33732864,Sa
1.44131328,Sa
0.6133248,Sa
1.0733184,Sa
1.533312,Sa
0.33732864,Sa
1.10398464,Sa
3.55728384,Sa
1.47197952,Sa
0.42932736,Sa
0.64399104,Sa
2.20796928,Sa
0.766656,Sa
0.33732864,Sa
3.28128768,Sa
0.39866112,Sa
1.71730944,Sa
3.12795648,Sa
0.33732864,Sa
0.3066624,Sa
1.01198592,Sa
1.34931456,Sa
1.01198592,Sa
0.36799488,Sa
0.3066624,Sa
0.85865472,Sa
0.70532352,Sa
0.3066624,Sa
1.13465088,Sa
0.33732864,Sa
0.33732864,Sa
0.4599936,Sa
2.17730304,Sa
0.3066624,Sa
0.766656,Sa
0.3066624,Sa
0.3066624,Sa
0.33732864,Sa
1.74797568,Sa
0.4599936,Sa
1.28798208,Sa
0.6133248,Sa
1.71730944,Sa
0.3066624,Sa
0.3066624,Sa
2.36130048,Sa
0.64399104,Sa
1.50264576,Sa
0.98131968,Sa
0.70532352,Sa
0.33732864,Sa
0.3066624,Sa
0.70532352,Sa
2.36130048,Sa
0.3066624,Sa
2.79062784,Sa
0.58265856,Sa
0.36799488,Sa
2.66796288,Sa
0.73598976,Sa
0.39866112,Sa
1.25731584,Sa
0.73598976,Sa
4.78393344,Sa
1.19598336,Sa
1.04265216,Sa
0.33732864,Sa
1.47197952,Sa
1.04265216,Sa
1.2266496,Sa
1.19598336,Sa
3.066624,Sa
0.73598976,Sa
0.766656,Sa
0.33732864,Sa
0.64399104,Sa
2.42263296,Sa
0.3066624,Sa
0.49065984,Sa
2.72929536,Sa
1.13465088,Sa
0.64399104,Sa
0.4599936,Sa
2.1466368,Sa
2.9132928,Sa
0.36799488,Sa
0.3066624,Sa
2.48396544,Sa
0.3066624,Sa
2.299968,Sa
0.3066624,Sa
0.36799488,Sa
0.67465728,Sa
1.25731584,Sa
3.64928256,Sa
3.15862272,Sa
1.25731584,Sa
0.39866112,Sa
0.3066624,Sa
1.25731584,Sa
0.73598976,Sa
2.66796288,Sa
0.33732864,Sa
0.36799488,Sa
0.766656,Sa
0.39866112,Sa
2.08530432,Sa
3.09729024,Sa
0.3066624,Sa
0.39866112,Sa
0.3066624,Sa
0.3066624,Sa
1.59464448,Sa
1.31864832,Sa
0.39866112,Sa
0.73598976,Sa
0.33732864,Sa
0.6133248,Sa
0.39866112,Sa
0.33732864,Sa
0.6133248,Sa
1.3799808,Sa
0.33732864,Sa
0.67465728,Sa
0.33732864,Sa
0.39866112,Sa
0.73598976,Sa
0.36799488,Sa
0.67465728,Sa
2.97462528,Sa
1.9933056,Sa
1.2266496,Sa
0.3066624,Sa
0.82798848,Sa
1.80930816,Sa
0.73598976,Sa
0.64399104,Sa
1.01198592,Sa
1.47197952,Sa
0.85865472,Sa
1.47197952,Sa
0.39866112,Sa
0.70532352,Sa
0.85865472,Sa
2.299968,Sa
1.71730944,Sa
1.31864832,Sa
1.10398464,Sa
1.0733184,Sa
2.36130048,Sa
0.36799488,Sa
0.79732224,Sa
0.42932736,Sa
1.0733184,Sa
0.39866112,Sa
0.70532352,Sa
0.4599936,Sa
0.3066624,Sa
2.11597056,Sa
1.8399744,Sa
0.33732864,Sa
0.4599936,Sa
1.28798208,Sa
0.39866112,Sa
2.1466368,Sa
0.3066624,Sa
0.3066624,Sa
0.39866112,Sa
0.82798848,Sa
1.80930816,Sa
0.33732864,Sa
0.6133248,Sa
0.3066624,Sa
1.28798208,Sa
0.36799488,Sa
1.44131328,Sa
5.02926336,Sa
0.70532352,Sa
3.34262016,Sa
0.64399104,Sa
4.10927616,Sa
0.3066624,Sa
0.82798848,Sa
2.20796928,Sa
0.766656,Sa
0.36799488,Sa
0.64399104,Sa
0.79732224,Sa
0.39866112,Sa
0.33732864,Sa
0.67465728,Sa
1.71730944,Sa
0.3066624,Sa
2.85196032,Sa
0.33732864,Sa
1.3799808,Sa
0.33732864,Sa
0.3066624,Sa
1.04265216,Sa
0.64399104,Sa
0.33732864,Sa
1.93197312,Sa
1.47197952,Sa
1.56397824,Sa
0.58265856,Sa
2.42263296,Sa
0.33732864,Sa
0.3066624,Sa
1.04265216,Sa
0.3066624,Sa
0.33732864,Sa
1.04265216,Sa
0.36799488,Sa
2.08530432,Sa
0.39866112,Sa
0.36799488,Sa
0.33732864,Sa
0.4599936,Sa
0.3066624,Sa
1.65597696,Sa
1.77864192,Sa
0.67465728,Sa
1.16531712,Sa
0.39866112,Sa
0.98131968,Sa
3.80261376,Sa
0.39866112,Sa
2.48396544,Sa
1.28798208,Sa
1.87064064,Sa
0.67465728,Sa
0.3066624,Sa
1.28798208,Sa
0.67465728,Sa
0.36799488,Sa
0.95065344,Sa
1.65597696,Sa
0.70532352,Sa
2.7599616,Sa
0.36799488,Sa
0.4599936,Sa
0.36799488,Sa
3.46528512,Sa
4.17060864,Sa
0.4599936,Sa
0.36799488,Sa
0.98131968,Sa
0.3066624,Sa
0.33732864,Sa
1.41064704,Sa
0.3066624,Sa
1.8399744,Sa
0.3066624,Sa
0.70532352,Sa
0.39866112,Sa
0.73598976,Sa
0.3066624,Sa
0.766656,Sa
1.28798208,Sa
0.79732224,Sa
1.74797568,Sa
0.766656,Sa
0.42932736,Sa
0.3066624,Sa
0.67465728,Sa
0.3066624,Sa
0.67465728,Sa
1.71730944,Sa
1.65597696,Sa
1.96263936,Sa
0.3066624,Sa
0.33732864,Sa
3.58795008,Sa
0.6133248,Sa
0.33732864,Sa
1.47197952,Sa
1.62531072,Sa
2.88262656,Sa
0.4599936,Sa
1.19598336,Sa
0.6133248,Sa
0.95065344,Sa
0.33732864,Sa
1.0733184,Sa
0.3066624,Sa
0.79732224,Sa
0.3066624,Sa
0.39866112,Sa
2.39196672,Sa
1.56397824,Sa
0.67465728,Sa
0.3066624,Sa
0.36799488,Sa
0.33732864,Sa
1.34931456,Sa
0.3066624,Sa
0.3066624,Sa
0.3066624,Sa
1.13465088,Sa
1.50264576,Sa
0.79732224,Sa
0.36799488,Sa
2.1466368,Sa
0.36799488,Sa
1.56397824,Sa
0.64399104,Sa
2.33063424,Sa
0.39866112,Sa
0.82798848,Sa
1.13465088,Sa
0.3066624,Sa
3.18928896,Sa
0.4599936,Sa
1.19598336,Sa
0.766656,Sa
0.39866112,Sa
0.39866112,Sa
1.93197312,Sa
0.3066624,Sa
0.33732864,Sa
0.3066624,Sa
3.64928256,Sa
0.36799488,Sa
1.0733184,Sa
0.70532352,Sa
0.3066624,Sa
0.36799488,Sa
0.6133248,Sa
0.39866112,Sa
0.39866112,Sa
0.39866112,Sa
1.6866432,Sa
0.33732864,Sa
0.3066624,Sa
0.3066624,Sa
0.33732864,Sa
0.3066624,Sa
3.46528512,Sa
0.3066624,Sa
0.33732864,Sa
2.82129408,Sa
0.33732864,Sa
0.70532352,Sa
1.47197952,Sa
2.48396544,Sa
0.33732864,Sa
0.3066624,Sa
0.36799488,Sa
2.36130048,Sa
0.4599936,Sa
0.6133248,Sa
1.25731584,Sa
0.39866112,Sa
0.3066624,Sa
0.33732864,Sa
0.36799488,Sa
1.2266496,Sa
0.33732864,Sa
1.47197952,Sa
0.64399104,Sa
0.3066624,Sa
2.33063424,Sa
1.533312,Sa
0.36799488,Sa
2.94395904,Sa
1.13465088,Sa
2.54529792,Sa
1.01198592,Sa
2.6066304,Sa
0.39866112,Sa
0.6133248,Sa
0.766656,Sa
0.36799488,Sa
1.31864832,Sa
0.33732864,Sa
1.87064064,Sa
0.3066624,Sa
3.15862272,Sa
1.59464448,Sa
0.33732864,Sa
0.3066624,Sa
0.67465728,Sa
1.25731584,Sa
0.3066624,Sa
1.8399744,Sa
0.67465728,Sa
0.33732864,Sa
1.533312,Sa
0.95065344,Sa
0.33732864,Sa
7.78922496,Sa
1.41064704,Sa
0.3066624,Sa
3.03595776,Sa
1.34931456,Sa
0.3066624,Sa
2.72929536,Sa
1.16531712,Sa
0.67465728,Sa
3.31195392,Sa
0.79732224,Sa
0.3066624,Sa
0.3066624,Sa
1.13465088,Sa
1.8399744,Sa
1.34931456,Sa
1.93197312,Sa
0.33732864,Sa
0.3066624,Sa
1.44131328,Sa
1.62531072,Sa
0.52132608,Sa
0.70532352,Sa
1.44131328,Sa
2.51463168,Sa
0.95065344,Sa
0.33732864,Sa
0.73598976,Sa
0.3066624,Sa
0.33732864,Sa
4.26260736,Sa
0.3066624,Sa
0.67465728,Sa
0.70532352,Sa
0.33732864,Sa
1.16531712,Sa
0.33732864,Sa
1.87064064,Sa
0.42932736,Sa
1.25731584,Sa
0.70532352,Sa
0.3066624,Sa
0.33732864,Sa
0.33732864,Sa
0.3066624,Sa
1.13465088,Sa
0.3066624,Sa
0.3066624,Sa
2.05463808,Sa
2.4532992,Sa
0.36799488,Sa
1.01198592,Sa
2.05463808,Sa
0.3066624,Sa
2.05463808,Sa
0.36799488,Sa
0.3066624,Sa
0.39866112,Sa
0.3066624,Sa
0.3066624,Sa
1.90130688,Sa
0.64399104,Sa
1.34931456,Sa
0.3066624,Sa
0.39866112,Sa
0.6133248,Sa
1.77864192,Sa
1.56397824,Sa
0.3066624,Sa
0.33732864,Sa
0.33732864,Sa
1.04265216,Sa
0.3066624,Sa
0.82798848,Sa
0.3066624,Sa
0.67465728,Sa
0.3066624,Sa
0.42932736,Sa
4.4466048,Sa
0.64399104,Sa
1.13465088,Sa
0.3066624,Sa
0.98131968,Sa
0.33732864,Sa
1.04265216,Sa
0.766656,Sa
0.3066624,Sa
0.67465728,Sa
0.39866112,Sa
1.04265216,Sa
1.0733184,Sa
0.58265856,Sa
0.4599936,Sa
1.8399744,Sa
3.31195392,Sa
0.3066624,Sa
0.64399104,Sa
0.33732864,Sa
0.6133248,Sa
1.10398464,Sa
2.05463808,Sa
2.6066304,Sa
0.3066624,Sa
0.67465728,Sa
1.0733184,Sa
1.77864192,Sa
0.33732864,Sa
3.09729024,Sa
0.42932736,Sa
0.67465728,Sa
0.766656,Sa
0.33732864,Sa
0.39866112,Sa
0.36799488,Sa
2.1466368,Sa
0.3066624,Sa
0.52132608,Sa
0.33732864,Sa
1.13465088,Sa
0.33732864,Sa
0.3066624,Sa
1.41064704,Sa
0.39866112,Sa
0.3066624,Sa
0.36799488,Sa
1.01198592,Sa
0.36799488,Sa
0.3066624,Sa
0.3066624,Sa
0.9199872,Sa
0.3066624,Sa
0.98131968,Sa
0.3066624,Sa
0.6133248,Sa
0.3066624,Sa
0.88932096,Sa
1.10398464,Sa
0.3066624,Sa
1.01198592,Sa
0.36799488,Sa
2.05463808,Sa
1.3799808,Sa
3.066624,Sa
1.04265216,Sa
1.90130688,Sa
1.04265216,Sa
0.70532352,Sa
0.33732864,Sa
1.3799808,Sa
0.33732864,Sa
0.4599936,Sa
0.36799488,Sa
0.64399104,Sa
0.73598976,Sa
0.85865472,Sa
1.41064704,Sa
0.36799488,Sa
0.64399104,Sa
0.3066624,Sa
0.766656,Sa
0.79732224,Sa
0.3066624,Sa
0.3066624,Sa
1.19598336,Sa
1.01198592,Sa
1.04265216,Sa
1.65597696,Sa
0.4599936,Sa
0.3066624,Sa
0.3066624,Sa
1.2266496,Sa
0.3066624,Sa
0.85865472,Sa
1.16531712,Sa
0.67465728,Sa
0.70532352,Sa
0.70532352,Sa
1.96263936,Sa
0.766656,Sa
8.21855232,Sa
0.6133248,Sa
1.04265216,Sa
0.36799488,Sa
1.80930816,Sa
0.3066624,Sa
0.39866112,Sa
0.67465728,Sa
0.67465728,Sa
1.0733184,Sa
0.3066624,Sa
0.6133248,Sa
0.3066624,Sa
0.82798848,Sa
1.0733184,Sa
0.98131968,Sa
0.39866112,Sa
0.6133248,Sa
0.85865472,Sa
2.7599616,Sa
0.49065984,Sa
2.85196032,Sa
1.0733184,Sa
0.52132608,Sa
0.36799488,Sa
0.3066624,Sa
0.33732864,Sa
0.4599936,Sa
0.3066624,Sa
0.36799488,Sa
0.3066624,Sa
0.36799488,Sa
0.3066624,Sa
1.13465088,Sa
0.36799488,Sa
0.3066624,Sa
0.6133248,Sa
0.64399104,Sa
1.6866432,Sa
0.36799488,Sa
0.3066624,Sa
0.33732864,Sa
0.39866112,Sa
0.33732864,Sa
0.3066624,Sa
2.6066304,Sa
3.28128768,Sa
0.3066624,Sa
1.10398464,Sa
0.36799488,Sa
0.3066624,Sa
0.33732864,Sa
0.98131968,Sa
0.6133248,Sa
0.42932736,Sa
1.3799808,Sa
0.3066624,Sa
0.766656,Sa
1.0733184,Sa
1.01198592,Sa
0.33732864,Sa
0.3066624,Sa
2.42263296,Sa
0.67465728,Sa
0.73598976,Sa
0.42932736,Sa
0.98131968,Sa
0.6133248,Sa
1.533312,Sa
0.6133248,Sa
0.33732864,Sa
1.80930816,Sa
1.80930816,Sa
2.72929536,Sa
1.04265216,Sa
0.33732864,Sa
0.33732864,Sa
0.36799488,Sa
0.36799488,Sa
2.51463168,Sa
1.04265216,Sa
1.50264576,Sa
1.62531072,Sa
1.8399744,Sa
0.3066624,Sa
0.3066624,Sa
0.3066624,Sa
0.3066624,Sa
0.33732864,Sa
1.04265216,Sa
0.95065344,Sa
1.01198592,Sa
0.36799488,Sa
0.3066624,Sa
0.3066624,Sa
0.33732864,Sa
2.48396544,Sa
0.36799488,Sa
0.36799488,Sa
1.2266496,Sa
0.42932736,Sa
0.36799488,Sa
0.64399104,Sa
1.04265216,Sa
0.39866112,Sa
0.33732864,Sa
1.0733184,Sa
0.36799488,Sa
0.36799488,Sa
0.36799488,Sa
0.33732864,Sa
0.3066624,Sa
0.85865472,Sa
0.33732864,Sa
0.52132608,Sa
1.77864192,Sa
0.64399104,Sa
0.3066624,Sa
0.33732864,Sa
0.79732224,Sa
1.8399744,Sa
0.33732864,Sa
0.3066624,Sa
0.9199872,Sa
0.33732864,Sa
0.42932736,Sa
1.16531712,Sa
3.28128768,Sa
0.70532352,Sa
0.3066624,Sa
0.33732864,Sa
0.6133248,Sa
1.96263936,Sa
0.3066624,Sa
1.87064064,Sa
1.25731584,Sa
0.64399104,Sa
0.3066624,Sa
0.766656,Sa
0.3066624,Sa
0.79732224,Sa
0.36799488,Sa
0.4599936,Sa
3.34262016,Sa
1.41064704,Sa
0.64399104,Sa
0.36799488,Sa
1.47197952,Sa
0.79732224,Sa
0.42932736,Sa
0.3066624,Sa
0.3066624,Sa
0.33732864,Sa
0.36799488,Sa
3.00529152,Sa
1.80930816,Sa
0.3066624,Sa
0.39866112,Sa
0.33732864,Sa
3.066624,Sa
1.65597696,Sa
1.28798208,Sa
0.36799488,Sa
1.31864832,Sa
3.31195392,Sa
0.766656,Sa
0.3066624,Sa
0.36799488,Sa
0.3066624,Sa
2.54529792,Sa
0.64399104,Sa
1.2266496,Sa
1.25731584,Sa
0.95065344,Sa
0.33732864,Sa
0.70532352,Sa
1.56397824,Sa
0.36799488,Sa
0.6133248,Sa
0.9199872,Sa
0.3066624,Sa
0.33732864,Sa
0.85865472,Sa
0.36799488,Sa
1.10398464,Sa
0.39866112,Sa
0.3066624,Sa
0.3066624,Sa
0.36799488,Sa
0.95065344,Sa
0.33732864,Sa
1.96263936,Sa
1.87064064,Sa
0.3066624,Sa
1.90130688,Sa
0.95065344,Sa
1.34931456,Sa
2.97462528,Sa
0.42932736,Sa
0.33732864,Sa
0.3066624,Sa
0.33732864,Sa
0.3066624,Sa
0.33732864,Sa
0.6133248,Sa
0.3066624,Sa
1.41064704,Sa
0.67465728,Sa
0.33732864,Sa
1.0733184,Sa
0.36799488,Sa
0.3066624,Sa
1.74797568,Sa
0.79732224,Sa
0.33732864,Sa
2.42263296,Sa
0.64399104,Sa
2.1466368,Sa
1.34931456,Sa
1.0733184,Sa
3.066624,Sa
1.93197312,Sa
0.3066624,Sa
0.52132608,Sa
1.74797568,Sa
0.3066624,Sa
0.3066624,Sa
0.36799488,Sa
0.36799488,Sa
2.72929536,Sa
0.3066624,Sa
0.33732864,Sa
0.3066624,Sa
0.3066624,Sa
1.31864832,Sa
0.79732224,Sa
1.56397824,Sa
0.3066624,Sa
1.31864832,Sa
0.33732864,Sa
0.36799488,Sa
0.33732864,Sa
0.33732864,Sa
0.85865472,Sa
0.42932736,Sa
0.64399104,Sa
0.39866112,Sa
0.33732864,Sa
0.3066624,Sa
0.73598976,Sa
0.67465728,Sa
1.13465088,Sa
0.67465728,Sa
0.36799488,Sa
0.67465728,Sa
0.3066624,Sa
0.3066624,Sa
0.3066624,Sa
2.1466368,Sa
0.3066624,Sa
0.766656,Sa
0.3066624,Sa
2.1466368,Sa
0.3066624,Sa
0.3066624,Sa
0.39866112,Sa
0.36799488,Sa
0.3066624,Sa
1.28798208,Sa
0.33732864,Sa
0.3066624,Sa
0.3066624,Sa
0.3066624,Sa
0.4599936,Sa
0.95065344,Sa
1.44131328,Sa
0.39866112,Sa
0.3066624,Sa
0.73598976,Sa
2.1466368,Sa
0.3066624,Sa
0.3066624,Sa
0.3066624,Sa
0.3066624,Sa
0.33732864,Sa
0.33732864,Sa
0.82798848,Sa
1.2266496,Sa
0.3066624,Sa
1.41064704,Sa
1.44131328,Sa
0.36799488,Sa
0.39866112,Sa
0.67465728,Sa
0.36799488,Sa
0.64399104,Sa
0.766656,Sa
0.33732864,Sa
0.33732864,Sa
0.3066624,Sa
0.39866112,Sa
0.3066624,Sa
0.85865472,Sa
0.3066624,Sa
0.36799488,Sa
0.3066624,Sa
2.26930176,Sa
0.33732864,Sa
0.67465728,Sa
0.36799488,Sa
0.36799488,Sa
0.33732864,Sa
0.33732864,Sa
0.33732864,Sa
0.33732864,Sa
0.3066624,Sa
0.33732864,Sa
0.6133248,Sa
1.10398464,Sa
0.3066624,Sa
1.16531712,Sa
0.3066624,Sa
0.36799488,Sa
0.3066624,Sa
0.3066624,Sa
0.39866112,Sa
1.31864832,Sa
0.3066624,Sa
2.05463808,Sa
1.04265216,Sa
0.36799488,Sa
0.64399104,Sa
0.36799488,Sa
0.39866112,Sa
1.74797568,Sa
0.3066624,Sa
1.59464448,Sa
1.3799808,Sa
0.3066624,Sa
0.36799488,Sa
0.70532352,Sa
0.42932736,Sa
1.0733184,Sa
0.70532352,Sa
1.65597696,Sa
0.70532352,Sa
0.73598976,Sa
0.33732864,Sa
1.533312,Sa
0.36799488,Sa
0.39866112,Sa
0.3066624,Sa
0.3066624,Sa
0.3066624,Sa
0.36799488,Sa
0.36799488,Sa
0.3066624,Sa
1.04265216,Sa
1.3799808,Sa
0.33732864,Sa
0.36799488,Sa
0.36799488,Sa
1.10398464,Sa
0.3066624,Sa
0.3066624,Sa
0.33732864,Sa
0.55199232,Sa
0.3066624,Sa
0.33732864,Sa
0.33732864,Sa
0.67465728,Sa
1.0733184,Sa
0.3066624,Sa
0.98131968,Sa
0.36799488,Sa
0.766656,Sa
0.67465728,Sa
1.0733184,Sa
0.3066624,Sa
0.33732864,Sa
0.4599936,Sa
0.33732864,Sa
0.3066624,Sa
0.33732864,Sa
2.05463808,Sa
0.33732864,Sa
0.3066624,Sa
0.6133248,Sa
0.33732864,Sa
2.11597056,Sa
0.39866112,Sa
0.3066624,Sa
0.6133248,Sa
0.3066624,Sa
0.73598976,Sa
0.36799488,Sa
0.64399104,Sa
0.3066624,Sa
0.3066624,Sa
0.3066624,Sa
0.3066624,Sa
1.34931456,Sa
0.64399104,Sa
0.3066624,Sa
0.42932736,Sa
0.3066624,Sa
0.33732864,Sa
0.3066624,Sa
2.05463808,Sa
0.3066624,Sa
1.62531072,Sa
0.3066624,Sa
0.3066624,Sa
0.766656,Sa
0.67465728,Sa
1.0733184,Sa
0.3066624,Sa
0.33732864,Sa
0.39866112,Sa
0.70532352,Sa
0.33732864,Sa
1.13465088,Sa
0.33732864,Sa
0.3066624,Sa
0.3066624,Sa
0.3066624,Sa
0.33732864,Sa
0.3066624,Sa
0.36799488,Sa
0.3066624,Sa
0.67465728,Sa
110980.90789632,Pa
13.58514432,Pa
5.5199232,Pa
3.2199552,Pa
2.6066304,Pa
3.28128768,Pa
14.16780288,Pa
279.89077248,Pa
16.68243456,Pa
9.8131968,Pa
16.22244096,Pa
7.17590016,Pa
10.64118528,Pa
32.44488192,Pa
1.80930816,Pa
3.09729024,Pa
1.90130688,Pa
1.01198592,Pa
1.41064704,Pa
2.4532992,Pa
1.80930816,Pa
64.00044288,Pa
1.77864192,Pa
1.31864832,Pa
1.77864192,Pa
3.49595136,Pa
1.34931456,Pa
0.36799488,Pa
1.90130688,Pa
3.86394624,Pa
0.79732224,Pa
2.69862912,Pa
10.97851392,Pa
0.88932096,Pa
4.17060864,Pa
1.87064064,Pa
4.26260736,Pa
6.56257536,Pa
0.3066624,Pa
7.60522752,Pa
2.88262656,Pa
10.02786048,Pa
247.44589056,Pa
2.08530432,Pa
11.00918016,Pa
175.93221888,Pa
15.14912256,Pa
4.53860352,Pa
2.57596416,Pa
4.47727104,Pa
1.28798208,Pa
5.02926336,Pa
2.48396544,Pa
3.28128768,Pa
6.83857152,Pa
15.7931136,Pa
4.26260736,Pa
1.74797568,Pa
6.10258176,Pa
0.49065984,Pa
7.60522752,Pa
56.732544,Pa
0.3066624,Pa
2.26930176,Pa
0.4599936,Pa
4.41593856,Pa
0.3066624,Pa
0.49065984,Pa
2.39196672,Pa
0.98131968,Pa
3.03595776,Pa
5.39725824,Pa
1.90130688,Pa
4.78393344,Pa
1.41064704,Pa
3.80261376,Pa
9.59853312,Pa
2.82129408,Pa
5.33592576,Pa
0.3066624,Pa
5.27459328,Pa
0.98131968,Pa
0.88932096,Pa
0.3066624,Pa
0.3066624,Pa
4.84526592,Pa
2.57596416,Pa
0.33732864,Pa
11.9598336,Pa
10.91718144,Pa
3.61861632,Pa
1.19598336,Pa
1.74797568,Pa
0.70532352,Pa
9.5065344,Pa
0.49065984,Pa
0.3066624,Pa
0.33732864,Pa
1.65597696,Pa
1.3799808,Pa
1.65597696,Pa
18.67574016,Pa
1.3799808,Pa
9.93586176,Pa
0.42932736,Pa
2.1466368,Pa
1.6866432,Pa
8.15721984,Pa
3.00529152,Pa
1.9933056,Pa
3.25062144,Pa
0.33732864,Pa
0.3066624,Pa
1.31864832,Pa
1.0733184,Pa
2.02397184,Pa
3.5266176,Pa
0.49065984,Pa
0.70532352,Pa
0.766656,Pa
1.56397824,Pa
1.47197952,Pa
5.94925056,Pa
10.2731904,Pa
1.44131328,Pa
1.0733184,Pa
0.39866112,Pa
0.39866112,Pa
0.95065344,Pa
0.6133248,Pa
10.45718784,Pa
1.533312,Pa
1.0733184,Pa
0.98131968,Pa
0.33732864,Pa
0.64399104,Pa
0.33732864,Pa
1.6866432,Pa
0.36799488,Pa
3.18928896,Pa
0.33732864,Pa
1.0733184,Pa
31.24889856,Pa
0.3066624,Pa
3.09729024,Pa
15.97711104,Pa
0.33732864,Pa
2.79062784,Pa
0.33732864,Pa
10.05852672,Pa
0.33732864,Pa
1.50264576,Pa
1.25731584,Pa
3.80261376,Pa
1.01198592,Pa
14.1064704,Pa
0.6133248,Pa
0.766656,Pa
1.04265216,Pa
36.06349824,Pa
3.71061504,Pa
0.73598976,Pa
2.88262656,Pa
2.63729664,Pa
1.13465088,Pa
13.6464768,Pa
7.69722624,Pa
2.57596416,Pa
0.49065984,Pa
45.32470272,Pa
0.33732864,Pa
0.42932736,Pa
7.3598976,Pa
2.20796928,Pa
2.66796288,Pa
2.299968,Pa
1.87064064,Pa
1.533312,Pa
0.49065984,Pa
1.47197952,Pa
2.54529792,Pa
18.00108288,Pa
3.9866112,Pa
1.3799808,Pa
1.56397824,Pa
0.3066624,Pa
3.18928896,Pa
3.25062144,Pa
11.89850112,Pa
1.0733184,Pa
0.3066624,Pa
17.60242176,Pa
0.3066624,Pa
16.5597696,Pa
0.79732224,Pa
2.97462528,Pa
1.93197312,Pa
0.73598976,Pa
2.48396544,Pa
3.46528512,Pa
0.36799488,Pa
0.39866112,Pa
3.18928896,Pa
6.37857792,Pa
3.03595776,Pa
0.39866112,Pa
0.33732864,Pa
0.73598976,Pa
1.0733184,Pa
0.49065984,Pa
1.16531712,Pa
1.19598336,Pa
1.9933056,Pa
0.33732864,Pa
9.47586816,Pa
1.41064704,Pa
0.42932736,Pa
0.67465728,Pa
0.4599936,Pa
0.39866112,Pa
0.3066624,Pa
3.25062144,Pa
14.8731264,Pa
1.87064064,Pa
2.97462528,Pa
3.55728384,Pa
0.79732224,Pa
1.19598336,Pa
0.42932736,Pa
0.42932736,Pa
0.64399104,Pa
1.25731584,Pa
0.3066624,Pa
0.70532352,Pa
3.12795648,Pa
0.766656,Pa
0.79732224,Pa
3.71061504,Pa
0.36799488,Pa
2.08530432,Pa
4.72260096,Pa
1.31864832,Pa
3.15862272,Pa
0.49065984,Pa
3.43461888,Pa
0.766656,Pa
4.53860352,Pa
2.82129408,Pa
0.79732224,Pa
0.79732224,Pa
62.34446592,Pa
1.77864192,Pa
16.03844352,Pa
0.36799488,Pa
9.3532032,Pa
2.4532992,Pa
1.62531072,Pa
2.23863552,Pa
0.42932736,Pa
0.33732864,Pa
1.2266496,Pa
6.96123648,Pa
0.70532352,Pa
1.10398464,Pa
0.79732224,Pa
3.03595776,Pa
5.39725824,Pa
1.31864832,Pa
0.33732864,Pa
3.49595136,Pa
0.3066624,Pa
6.899904,Pa
2.11597056,Pa
11.16251136,Pa
1.44131328,Pa
0.6133248,Pa
20.5463808,Pa
0.39866112,Pa
2.05463808,Pa
2.23863552,Pa
1.13465088,Pa
2.36130048,Pa
0.3066624,Pa
2.11597056,Pa
3.18928896,Pa
12.97181952,Pa
0.3066624,Pa
0.3066624,Pa
2.6066304,Pa
3.066624,Pa
5.79591936,Pa
0.4599936,Pa
2.63729664,Pa
3.83328,Pa
0.9199872,Pa
0.4599936,Pa
2.4532992,Pa
2.26930176,Pa
10.05852672,Pa
0.36799488,Pa
0.95065344,Pa
2.7599616,Pa
0.33732864,Pa
3.71061504,Pa
3.00529152,Pa
1.10398464,Pa
3.5266176,Pa
32.3528832,Pa
3.18928896,Pa
0.4599936,Pa
2.51463168,Pa
17.633088,Pa
0.73598976,Pa
2.4532992,Pa
3.6799488,Pa
8.37188352,Pa
1.16531712,Pa
0.73598976,Pa
0.3066624,Pa
5.9799168,Pa
14.59713024,Pa
0.79732224,Pa
1.16531712,Pa
1.3799808,Pa
2.1466368,Pa
0.3066624,Pa
1.65597696,Pa
4.35460608,Pa
0.33732864,Pa
0.82798848,Pa
0.88932096,Pa
1.41064704,Pa
0.67465728,Pa
1.93197312,Pa
1.04265216,Pa
0.3066624,Pa
0.36799488,Pa
1.01198592,Pa
0.3066624,Pa
3.00529152,Pa
4.1399424,Pa
3.25062144,Pa
2.6066304,Pa
0.88932096,Pa
0.39866112,Pa
0.36799488,Pa
0.85865472,Pa
4.20127488,Pa
1.71730944,Pa
0.4599936,Pa
2.97462528,Pa
10.82518272,Pa
0.42932736,Pa
0.39866112,Pa
0.85865472,Pa
3.46528512,Pa
2.48396544,Pa
8.09588736,Pa
37.65814272,Pa
1.13465088,Pa
0.73598976,Pa
3.9866112,Pa
0.766656,Pa
1.34931456,Pa
5.61192192,Pa
0.3066624,Pa
3.00529152,Pa
1.9933056,Pa
0.42932736,Pa
3.58795008,Pa
0.88932096,Pa
1.16531712,Pa
0.49065984,Pa
0.3066624,Pa
0.3066624,Pa
0.4599936,Pa
6.04124928,Pa
1.04265216,Pa
1.87064064,Pa
2.17730304,Pa
0.3066624,Pa
3.18928896,Pa
1.0733184,Pa
10.36518912,Pa
0.3066624,Pa
3.12795648,Pa
0.4599936,Pa
0.33732864,Pa
1.77864192,Pa
0.33732864,Pa
4.93726464,Pa
0.36799488,Pa
0.49065984,Pa
0.39866112,Pa
0.39866112,Pa
0.766656,Pa
0.67465728,Pa
1.19598336,Pa
0.3066624,Pa
0.70532352,Pa
8.24921856,Pa
3.12795648,Pa
1.87064064,Pa
21.43570176,Pa
0.64399104,Pa
0.33732864,Pa
1.62531072,Pa
9.13853952,Pa
1.28798208,Pa
1.71730944,Pa
53.54325504,Pa
0.3066624,Pa
1.0733184,Pa
29.19426048,Pa
40.08077568,Pa
0.3066624,Pa
1.47197952,Pa
0.36799488,Pa
2.97462528,Pa
0.3066624,Pa
1.3799808,Pa
1.34931456,Pa
3.15862272,Pa
0.3066624,Pa
1.28798208,Pa
0.42932736,Pa
3.09729024,Pa
2.63729664,Pa
1.77864192,Pa
0.42932736,Pa
0.95065344,Pa
0.39866112,Pa
0.33732864,Pa
0.88932096,Pa
0.3066624,Pa
0.82798848,Pa
0.82798848,Pa
0.42932736,Pa
0.70532352,Pa
0.85865472,Pa
2.08530432,Pa
4.01727744,Pa
0.85865472,Pa
0.36799488,Pa
1.34931456,Pa
0.766656,Pa
8.5865472,Pa
0.42932736,Pa
0.64399104,Pa
1.28798208,Pa
0.49065984,Pa
0.36799488,Pa
0.36799488,Pa
2.69862912,Pa
0.3066624,Pa
0.4599936,Pa
0.85865472,Pa
1.41064704,Pa
0.9199872,Pa
3.43461888,Pa
1.59464448,Pa
0.98131968,Pa
4.78393344,Pa
0.6133248,Pa
2.97462528,Pa
1.44131328,Pa
3.25062144,Pa
2.23863552,Pa
3.00529152,Pa
8.18788608,Pa
0.3066624,Pa
0.3066624,Pa
1.25731584,Pa
2.20796928,Pa
2.20796928,Pa
2.57596416,Pa
2.08530432,Pa
1.31864832,Pa
0.3066624,Pa
0.33732864,Pa
0.3066624,Pa
0.3066624,Pa
2.79062784,Pa
0.85865472,Pa
0.79732224,Pa
0.52132608,Pa
1.59464448,Pa
0.3066624,Pa
1.41064704,Pa
1.80930816,Pa
0.3066624,Pa
0.4599936,Pa
1.90130688,Pa
0.82798848,Pa
1.01198592,Pa
1.25731584,Pa
0.95065344,Pa
0.64399104,Pa
1.01198592,Pa
1.62531072,Pa
2.79062784,Pa
0.3066624,Pa
0.73598976,Pa
6.4399104,Pa
8.00388864,Pa
0.3066624,Pa
11.92916736,Pa
0.58265856,Pa
0.67465728,Pa
4.10927616,Pa
1.59464448,Pa
5.02926336,Pa
1.533312,Pa
0.766656,Pa
1.19598336,Pa
1.90130688,Pa
4.84526592,Pa
16.68243456,Pa
0.3066624,Pa
0.766656,Pa
0.82798848,Pa
0.33732864,Pa
8.86254336,Pa
0.49065984,Pa
0.67465728,Pa
1.90130688,Pa
0.39866112,Pa
0.36799488,Pa
4.78393344,Pa
1.04265216,Pa
9.53720064,Pa
1.0733184,Pa
1.80930816,Pa
1.19598336,Pa
2.17730304,Pa
1.13465088,Pa
5.27459328,Pa
0.64399104,Pa
2.42263296,Pa
11.8065024,Pa
1.74797568,Pa
2.57596416,Pa
1.6866432,Pa
0.766656,Pa
1.44131328,Pa
2.1466368,Pa
3.61861632,Pa
0.33732864,Pa
0.3066624,Pa
1.01198592,Pa
0.36799488,Pa
10.33452288,Pa
0.3066624,Pa
0.36799488,Pa
1.31864832,Pa
0.88932096,Pa
1.19598336,Pa
1.10398464,Pa
2.57596416,Pa
0.88932096,Pa
1.3799808,Pa
0.39866112,Pa
1.44131328,Pa
1.41064704,Pa
3.34262016,Pa
0.3066624,Pa
0.33732864,Pa
2.23863552,Pa
1.9933056,Pa
2.6066304,Pa
4.72260096,Pa
3.9866112,Pa
40.38743808,Pa
3.95594496,Pa
2.82129408,Pa
1.93197312,Pa
2.51463168,Pa
2.7599616,Pa
0.73598976,Pa
17.81708544,Pa
0.42932736,Pa
3.00529152,Pa
0.3066624,Pa
3.2199552,Pa
1.71730944,Pa
2.36130048,Pa
2.97462528,Pa
31.03423488,Pa
1.31864832,Pa
0.88932096,Pa
5.70392064,Pa
0.36799488,Pa
7.5132288,Pa
0.766656,Pa
1.34931456,Pa
0.9199872,Pa
0.766656,Pa
0.36799488,Pa
1.0733184,Pa
0.88932096,Pa
4.10927616,Pa
2.05463808,Pa
0.36799488,Pa
0.49065984,Pa
0.39866112,Pa
2.26930176,Pa
0.33732864,Pa
1.47197952,Pa
1.8399744,Pa
0.3066624,Pa
0.49065984,Pa
3.066624,Pa
1.47197952,Pa
0.6133248,Pa
0.3066624,Pa
2.63729664,Pa
0.82798848,Pa
1.2266496,Pa
0.3066624,Pa
2.39196672,Pa
3.55728384,Pa
2.54529792,Pa
0.82798848,Pa
2.11597056,Pa
1.56397824,Pa
0.33732864,Pa
0.4599936,Pa
0.3066624,Pa
0.3066624,Pa
0.3066624,Pa
0.42932736,Pa
7.3598976,Pa
0.36799488,Pa
5.02926336,Pa
0.70532352,Pa
2.97462528,Pa
1.34931456,Pa
0.36799488,Pa
1.80930816,Pa
0.73598976,Pa
0.36799488,Pa
0.3066624,Pa
0.52132608,Pa
12.08249856,Pa
0.3066624,Pa
1.01198592,Pa
4.69193472,Pa
0.33732864,Pa
0.3066624,Pa
3.40395264,Pa
0.36799488,Pa
0.39866112,Pa
1.34931456,Pa
0.36799488,Pa
2.299968,Pa
0.55199232,Pa
1.2266496,Pa
1.34931456,Pa
1.93197312,Pa
0.82798848,Pa
0.36799488,Pa
0.39866112,Pa
0.33732864,Pa
7.85055744,Pa
4.20127488,Pa
6.7465728,Pa
5.55058944,Pa
7.45189632,Pa
0.36799488,Pa
4.93726464,Pa
1.90130688,Pa
27.2929536,Pa
0.3066624,Pa
0.36799488,Pa
0.64399104,Pa
0.4599936,Pa
0.3066624,Pa
14.16780288,Pa
1.28798208,Pa
1.71730944,Pa
0.98131968,Pa
8.7398784,Pa
3.49595136,Pa
0.3066624,Pa
1.25731584,Pa
0.73598976,Pa
1.8399744,Pa
5.8265856,Pa
10.08919296,Pa
0.3066624,Pa
0.36799488,Pa
0.3066624,Pa
5.64258816,Pa
0.36799488,Pa
0.4599936,Pa
10.91718144,Pa
0.33732864,Pa
3.46528512,Pa
1.90130688,Pa
2.39196672,Pa
0.33732864,Pa
0.67465728,Pa
0.70532352,Pa
1.6866432,Pa
0.42932736,Pa
2.48396544,Pa
6.7465728,Pa
5.12126208,Pa
1.41064704,Pa
0.88932096,Pa
1.6866432,Pa
4.38527232,Pa
1.77864192,Pa
4.23194112,Pa
0.79732224,Pa
6.31724544,Pa
0.39866112,Pa
0.33732864,Pa
0.98131968,Pa
5.6732544,Pa
2.6066304,Pa
3.92527872,Pa
5.2132608,Pa
0.33732864,Pa
1.34931456,Pa
3.64928256,Pa
0.67465728,Pa
1.47197952,Pa
0.33732864,Pa
5.64258816,Pa
0.36799488,Pa
1.19598336,Pa
3.00529152,Pa
1.3799808,Pa
4.87593216,Pa
0.85865472,Pa
1.13465088,Pa
0.4599936,Pa
1.25731584,Pa
0.39866112,Pa
0.79732224,Pa
0.33732864,Pa
1.28798208,Pa
1.59464448,Pa
0.79732224,Pa
1.80930816,Pa
0.67465728,Pa
1.34931456,Pa
1.0733184,Pa
0.33732864,Pa
1.59464448,Pa
0.33732864,Pa
0.52132608,Pa
1.96263936,Pa
0.88932096,Pa
2.17730304,Pa
2.42263296,Pa
0.36799488,Pa
0.95065344,Pa
1.74797568,Pa
0.70532352,Pa
1.19598336,Pa
0.67465728,Pa
1.13465088,Pa
2.02397184,Pa
1.0733184,Pa
3.40395264,Pa
0.70532352,Pa
7.94255616,Pa
0.67465728,Pa
1.44131328,Pa
0.85865472,Pa
0.39866112,Pa
58.69518336,Pa
2.1466368,Pa
2.4532992,Pa
6.53190912,Pa
0.3066624,Pa
109.60114176,Pa
1.41064704,Pa
0.4599936,Pa
1.8399744,Pa
3.03595776,Pa
1.34931456,Pa
0.52132608,Pa
0.42932736,Pa
0.33732864,Pa
0.73598976,Pa
0.3066624,Pa
4.81459968,Pa
0.39866112,Pa
37.99547136,Pa
1.25731584,Pa
1.2266496,Pa
1.13465088,Pa
2.88262656,Pa
1.80930816,Pa
2.08530432,Pa
0.33732864,Pa
1.16531712,Pa
0.42932736,Pa
2.9132928,Pa
0.36799488,Pa
1.50264576,Pa
0.39866112,Pa
0.766656,Pa
0.82798848,Pa
0.64399104,Pa
2.08530432,Pa
1.10398464,Pa
0.39866112,Pa
2.1466368,Pa
0.9199872,Pa
10.48785408,Pa
0.766656,Pa
0.33732864,Pa
0.3066624,Pa
0.33732864,Pa
2.23863552,Pa
0.82798848,Pa
0.39866112,Pa
2.23863552,Pa
1.87064064,Pa
0.3066624,Pa
0.64399104,Pa
1.25731584,Pa
1.25731584,Pa
1.16531712,Pa
2.08530432,Pa
3.5266176,Pa
1.9933056,Pa
1.13465088,Pa
1.01198592,Pa
0.70532352,Pa
1.28798208,Pa
0.52132608,Pa
0.33732864,Pa
2.39196672,Pa
0.49065984,Pa
0.39866112,Pa
0.3066624,Pa
5.30525952,Pa
2.42263296,Pa
0.3066624,Pa
2.51463168,Pa
0.79732224,Pa
0.33732864,Pa
0.33732864,Pa
1.16531712,Pa
5.18259456,Pa
0.3066624,Pa
0.3066624,Pa
0.3066624,Pa
0.73598976,Pa
3.6799488,Pa
0.33732864,Pa
2.20796928,Pa
1.96263936,Pa
0.33732864,Pa
0.3066624,Pa
1.56397824,Pa
0.3066624,Pa
1.31864832,Pa
0.82798848,Pa
0.85865472,Pa
0.88932096,Pa
0.95065344,Pa
0.70532352,Pa
0.79732224,Pa
0.39866112,Pa
1.2266496,Pa
0.3066624,Pa
0.70532352,Pa
0.33732864,Pa
0.36799488,Pa
2.48396544,Pa
2.39196672,Pa
0.85865472,Pa
1.93197312,Pa
1.533312,Pa
0.85865472,Pa
0.39866112,Pa
7.42123008,Pa
0.42932736,Pa
1.6866432,Pa
0.3066624,Pa
0.33732864,Pa
0.33732864,Pa
0.42932736,Pa
0.33732864,Pa
1.59464448,Pa
0.3066624,Pa
0.3066624,Pa
2.63729664,Pa
1.13465088,Pa
0.73598976,Pa
0.70532352,Pa
0.42932736,Pa
2.54529792,Pa
0.36799488,Pa
2.11597056,Pa
2.26930176,Pa
0.6133248,Pa
0.3066624,Pa
2.97462528,Pa
1.34931456,Pa
0.98131968,Pa
0.98131968,Pa
0.52132608,Pa
4.50793728,Pa
0.70532352,Pa
1.6866432,Pa
0.3066624,Pa
1.2266496,Pa
1.65597696,Pa
0.36799488,Pa
0.79732224,Pa
0.4599936,Pa
0.73598976,Pa
0.3066624,Pa
1.04265216,Pa
13.58514432,Pa
1.19598336,Pa
1.19598336,Pa
1.01198592,Pa
0.88932096,Pa
0.3066624,Pa
1.16531712,Pa
0.42932736,Pa
0.64399104,Pa
0.33732864,Pa
1.90130688,Pa
0.49065984,Pa
0.4599936,Pa
2.66796288,Pa
12.51182592,Pa
0.6133248,Pa
7.45189632,Pa
1.34931456,Pa
5.02926336,Pa
0.3066624,Pa
0.33732864,Pa
18.33841152,Pa
0.73598976,Pa
0.3066624,Pa
1.19598336,Pa
0.73598976,Pa
0.36799488,Pa
0.33732864,Pa
0.3066624,Pa
1.50264576,Pa
2.82129408,Pa
0.36799488,Pa
0.52132608,Pa
0.85865472,Pa
3.95594496,Pa
0.33732864,Pa
0.3066624,Pa
2.85196032,Pa
0.33732864,Pa
2.1466368,Pa
0.95065344,Pa
0.33732864,Pa
1.31864832,Pa
0.33732864,Pa
4.2932736,Pa
0.4599936,Pa
0.3066624,Pa
0.70532352,Pa
0.64399104,Pa
0.3066624,Pa
0.79732224,Pa
0.98131968,Pa
0.55199232,Pa
0.33732864,Pa
0.3066624,Pa
0.42932736,Pa
3.12795648,Pa
8.1265536,Pa
1.13465088,Pa
0.3066624,Pa
1.10398464,Pa
0.3066624,Pa
81.29620224,Pa
0.3066624,Pa
1.13465088,Pa
1.28798208,Pa
0.36799488,Pa
0.9199872,Pa
5.91858432,Pa
0.58265856,Pa
4.84526592,Pa
1.74797568,Pa
0.36799488,Pa
0.36799488,Pa
98.86795776,Pa
0.36799488,Pa
1.77864192,Pa
1.10398464,Pa
1.77864192,Pa
0.6133248,Pa
1.01198592,Pa
0.33732864,Pa
0.33732864,Pa
2.42263296,Pa
4.07860992,Pa
3.83328,Pa
1.47197952,Pa
0.95065344,Pa
0.85865472,Pa
0.55199232,Pa
0.3066624,Pa
1.77864192,Pa
0.82798848,Pa
1.25731584,Pa
2.26930176,Pa
0.64399104,Pa
0.73598976,Pa
0.3066624,Pa
2.33063424,Pa
1.0733184,Pa
3.74128128,Pa
9.966528,Pa
0.3066624,Pa
0.42932736,Pa
0.33732864,Pa
0.36799488,Pa
1.0733184,Pa
33.79419648,Pa
3.58795008,Pa
0.36799488,Pa
0.67465728,Pa
0.33732864,Pa
0.3066624,Pa
0.33732864,Pa
0.64399104,Pa
0.3066624,Pa
1.44131328,Pa
1.34931456,Pa
0.3066624,Pa
0.33732864,Pa
0.33732864,Pa
0.3066624,Pa
0.88932096,Pa
0.98131968,Pa
0.33732864,Pa
0.33732864,Pa
0.766656,Pa
0.42932736,Pa
0.42932736,Pa
0.33732864,Pa
0.33732864,Pa
1.44131328,Pa
8.1265536,Pa
0.36799488,Pa
1.77864192,Pa
1.2266496,Pa
1.50264576,Pa
1.74797568,Pa
0.33732864,Pa
1.01198592,Pa
0.33732864,Pa
0.88932096,Pa
0.95065344,Pa
0.58265856,Pa
1.10398464,Pa
0.36799488,Pa
1.34931456,Pa
0.67465728,Pa
1.62531072,Pa
1.93197312,Pa
4.1399424,Pa
0.36799488,Pa
0.3066624,Pa
20.73037824,Pa
0.52132608,Pa
0.39866112,Pa
1.74797568,Pa
1.71730944,Pa
1.3799808,Pa
0.42932736,Pa
0.766656,Pa
0.3066624,Pa
0.33732864,Pa
1.2266496,Pa
2.72929536,Pa
12.54249216,Pa
1.16531712,Pa
1.25731584,Pa
1.10398464,Pa
0.70532352,Pa
0.4599936,Pa
3.61861632,Pa
1.65597696,Pa
0.36799488,Pa
1.6866432,Pa
0.33732864,Pa
2.66796288,Pa
1.16531712,Pa
0.98131968,Pa
0.79732224,Pa
2.48396544,Pa
0.36799488,Pa
21.28237056,Pa
0.52132608,Pa
1.10398464,Pa
0.3066624,Pa
0.85865472,Pa
0.4599936,Pa
0.49065984,Pa
0.33732864,Pa
0.36799488,Pa
0.36799488,Pa
0.39866112,Pa
1.28798208,Pa
0.36799488,Pa
25.17698304,Pa
0.766656,Pa
2.02397184,Pa
1.04265216,Pa
1.59464448,Pa
0.33732864,Pa
2.02397184,Pa
0.36799488,Pa
0.6133248,Pa
1.04265216,Pa
0.67465728,Pa
0.39866112,Pa
2.11597056,Pa
0.3066624,Pa
2.54529792,Pa
0.3066624,Pa
0.39866112,Pa
0.3066624,Pa
0.85865472,Pa
0.36799488,Pa
0.33732864,Pa
0.52132608,Pa
0.3066624,Pa
1.04265216,Pa
0.33732864,Pa
5.48925696,Pa
1.56397824,Pa
0.33732864,Pa
0.3066624,Pa
0.4599936,Pa
0.73598976,Pa
1.50264576,Pa
0.3066624,Pa
1.25731584,Pa
0.33732864,Pa
0.39866112,Pa
4.96793088,Pa
0.42932736,Pa
0.3066624,Pa
2.63729664,Pa
0.88932096,Pa
1.71730944,Pa
0.4599936,Pa
1.2266496,Pa
0.3066624,Pa
1.13465088,Pa
1.01198592,Pa
1.34931456,Pa
0.6133248,Pa
0.33732864,Pa
2.48396544,Pa
0.3066624,Pa
1.16531712,Pa
0.6133248,Pa
0.67465728,Pa
0.3066624,Pa
1.80930816,Pa
1.10398464,Pa
0.3066624,Pa
0.3066624,Pa
0.766656,Pa
0.33732864,Pa
0.3066624,Pa
0.3066624,Pa
1.65597696,Pa
0.3066624,Pa
3.46528512,Pa
0.6133248,Pa
0.3066624,Pa
1.6866432,Pa
5.24392704,Pa
0.95065344,Pa
0.36799488,Pa
0.39866112,Pa
0.33732864,Pa
4.50793728,Pa
0.3066624,Pa
0.3066624,Pa
1.533312,Pa
0.33732864,Pa
1.31864832,Pa
1.10398464,Pa
0.67465728,Pa
0.36799488,Pa
0.95065344,Pa
0.36799488,Pa
0.3066624,Pa
0.64399104,Pa
1.93197312,Pa
0.33732864,Pa
0.766656,Pa
0.3066624,Pa
2.26930176,Pa
0.36799488,Pa
0.33732864,Pa
0.3066624,Pa
0.36799488,Pa
0.6133248,Pa
0.3066624,Pa
0.3066624,Pa
0.9199872,Pa
0.36799488,Pa
0.6133248,Pa
0.3066624,Pa
0.39866112,Pa
0.49065984,Pa
0.39866112,Pa
1.13465088,Pa
1.8399744,Pa
1.34931456,Pa
0.33732864,Pa
3.6799488,Pa
0.49065984,Pa
2.20796928,Pa
0.3066624,Pa
0.3066624,Pa
0.64399104,Pa
0.3066624,Pa
4.04794368,Pa
0.36799488,Pa
0.4599936,Pa
0.3066624,Pa
1.74797568,Pa
1.10398464,Pa
0.95065344,Pa
0.73598976,Pa
0.33732864,Pa
0.49065984,Pa
0.3066624,Pa
0.42932736,Pa
0.3066624,Pa
2.08530432,Pa
1.59464448,Pa
0.6133248,Pa
0.95065344,Pa
0.64399104,Pa
0.36799488,Pa
0.42932736,Pa
0.73598976,Pa
0.33732864,Pa
0.36799488,Pa
0.3066624,Pa
0.4599936,Pa
0.33732864,Pa
0.95065344,Pa
0.64399104,Pa
0.3066624,Pa
0.49065984,Pa
0.33732864,Pa
3.31195392,Pa
0.766656,Pa
0.36799488,Pa
0.79732224,Pa
0.42932736,Pa
0.33732864,Pa
2.39196672,Pa
0.36799488,Pa
0.85865472,Pa
7.91188992,Pa
0.82798848,Pa
0.36799488,Pa
0.3066624,Pa
0.33732864,Pa
0.36799488,Pa
0.36799488,Pa
1.2266496,Pa
0.70532352,Pa
3.83328,Pa
0.3066624,Pa
3.03595776,Pa
11.07051264,Pa
0.4599936,Pa
0.4599936,Pa
0.3066624,Pa
0.3066624,Pa
0.39866112,Pa
0.33732864,Pa
3.15862272,Pa
1.19598336,Pa
0.33732864,Pa
0.3066624,Pa
0.88932096,Pa
0.33732864,Pa
1.25731584,Pa
0.3066624,Pa
0.67465728,Pa
0.36799488,Pa
0.3066624,Pa
0.3066624,Pa
0.3066624,Pa
0.64399104,Pa
0.33732864,Pa
0.36799488,Pa
0.6133248,Pa
0.58265856,Pa
3.6799488,Pa
0.3066624,Pa
1.16531712,Pa
3.40395264,Pa
0.33732864,Pa
0.70532352,Pa
0.98131968,Pa
0.36799488,Pa
0.52132608,Pa
0.36799488,Pa
0.39866112,Pa
1.16531712,Pa
0.82798848,Pa
0.33732864,Pa
1.01198592,Pa
0.88932096,Pa
0.58265856,Pa
1.0733184,Pa
0.9199872,Pa
8.55588096,Pa
3.83328,Pa
0.33732864,Pa
0.39866112,Pa
0.73598976,Pa
11.49984,Pa
0.88932096,Pa
2.36130048,Pa
11.25451008,Pa
0.3066624,Pa
0.36799488,Pa
1.533312,Pa
1.59464448,Pa
0.42932736,Pa
0.42932736,Pa
0.33732864,Pa
0.4599936,Pa
0.3066624,Pa
0.36799488,Pa
2.4532992,Pa
1.87064064,Pa
4.35460608,Pa
0.82798848,Pa
0.85865472,Pa
0.98131968,Pa
11.56117248,Pa
0.36799488,Pa
0.98131968,Pa
0.3066624,Pa
0.42932736,Pa
0.3066624,Pa
4.4466048,Pa
1.44131328,Pa
5.85725184,Pa
1.2266496,Pa
0.36799488,Pa
1.2266496,Pa
11.46917376,Pa
0.3066624,Pa
3.46528512,Pa
0.36799488,Pa
1.04265216,Pa
0.33732864,Pa
0.3066624,Pa
18.06241536,Pa
0.36799488,Pa
2.42263296,Pa
1.87064064,Pa
0.3066624,Pa
0.33732864,Pa
0.55199232,Pa
1.77864192,Pa
0.36799488,Pa
5.79591936,Pa
1.0733184,Pa
0.36799488,Pa
0.33732864,Pa
0.6133248,Pa
0.3066624,Pa
0.95065344,Pa
1.9933056,Pa
2.11597056,Pa
2.69862912,Pa
0.3066624,Pa
0.49065984,Pa
1.34931456,Pa
0.33732864,Pa
0.33732864,Pa
0.64399104,Pa
1.13465088,Pa
2.51463168,Pa
0.79732224,Pa
0.3066624,Pa
2.82129408,Pa
0.82798848,Pa
0.3066624,Pa
1.0733184,Pa
0.36799488,Pa
0.33732864,Pa
0.39866112,Pa
4.1399424,Pa
0.39866112,Pa
0.88932096,Pa
0.3066624,Pa
4.41593856,Pa
0.3066624,Pa
0.3066624,Pa
0.33732864,Pa
0.39866112,Pa
0.55199232,Pa
0.82798848,Pa
0.64399104,Pa
0.33732864,Pa
0.33732864,Pa
0.766656,Pa
0.36799488,Pa
1.74797568,Pa
0.6133248,Pa
2.08530432,Pa
0.36799488,Pa
0.4599936,Pa
0.33732864,Pa
2.4532992,Pa
0.33732864,Pa
0.73598976,Pa
0.3066624,Pa
1.71730944,Pa
0.33732864,Pa
0.3066624,Pa
1.0733184,Pa
0.58265856,Pa
0.79732224,Pa
0.33732864,Pa
1.01198592,Pa
2.02397184,Pa
0.88932096,Pa
1.80930816,Pa
0.9199872,Pa
1.47197952,Pa
1.8399744,Pa
0.33732864,Pa
0.3066624,Pa
0.85865472,Pa
1.44131328,Pa
0.36799488,Pa
0.3066624,Pa
0.3066624,Pa
1.10398464,Pa
1.31864832,Pa
0.39866112,Pa
0.39866112,Pa
0.766656,Pa
0.39866112,Pa
0.36799488,Pa
0.33732864,Pa
0.39866112,Pa
0.9199872,Pa
0.36799488,Pa
2.11597056,Pa
1.25731584,Pa
0.3066624,Pa
0.70532352,Pa
0.85865472,Pa
0.3066624,Pa
0.3066624,Pa
0.36799488,Pa
22.20235776,Pa
0.36799488,Pa
0.42932736,Pa
1.62531072,Pa
0.3066624,Pa
0.85865472,Pa
0.3066624,Pa
0.33732864,Pa
0.36799488,Pa
0.36799488,Pa
0.95065344,Pa
0.3066624,Pa
0.33732864,Pa
1.41064704,Pa
0.36799488,Pa
1.41064704,Pa
0.3066624,Pa
0.3066624,Pa
0.3066624,Pa
0.33732864,Pa
0.36799488,Pa
0.33732864,Pa
1.8399744,Pa
0.67465728,Pa
1.31864832,Pa
0.33732864,Pa
0.42932736,Pa
0.3066624,Pa
0.33732864,Pa
1.93197312,Pa
5.2132608,Pa
1.01198592,Pa
1.90130688,Pa
0.3066624,Pa
4.20127488,Pa
0.3066624,Pa
0.42932736,Pa
0.55199232,Pa
0.36799488,Pa
0.33732864,Pa
0.98131968,Pa
0.766656,Pa
0.49065984,Pa
0.70532352,Pa
1.16531712,Pa
0.3066624,Pa
0.3066624,Pa
2.97462528,Pa
0.3066624,Pa
0.33732864,Pa
0.3066624,Pa
1.9933056,Pa
0.73598976,Pa
0.3066624,Pa
3.74128128,Pa
0.70532352,Pa
1.25731584,Pa
0.33732864,Pa
0.49065984,Pa
0.33732864,Pa
0.42932736,Pa
6.86923776,Pa
3.5266176,Pa
0.36799488,Pa
4.66126848,Pa
1.04265216,Pa
0.33732864,Pa
0.3066624,Pa
0.33732864,Pa
0.3066624,Pa
0.3066624,Pa
0.33732864,Pa
0.3066624,Pa
1.9933056,Pa
0.33732864,Pa
0.49065984,Pa
1.10398464,Pa
0.3066624,Pa
0.39866112,Pa
0.33732864,Pa
1.56397824,Pa
1.19598336,Pa
0.33732864,Pa
8.15721984,Pa
1.90130688,Pa
1.80930816,Pa
0.3066624,Pa
0.82798848,Pa
0.3066624,Pa
0.42932736,Pa
0.95065344,Pa
1.04265216,Pa
7.0532352,Pa
0.39866112,Pa
3.28128768,Pa
0.766656,Pa
0.4599936,Pa
1.31864832,Pa
0.3066624,Pa
1.3799808,Pa
0.33732864,Pa
0.3066624,Pa
0.55199232,Pa
0.33732864,Pa
0.36799488,Pa
12.38916096,Pa
0.70532352,Pa
0.36799488,Pa
1.3799808,Pa
0.33732864,Pa
0.64399104,Pa
15.7931136,Pa
0.73598976,Pa
2.6066304,Pa
0.36799488,Pa
0.39866112,Pa
1.04265216,Pa
0.79732224,Pa
0.39866112,Pa
1.56397824,Pa
4.72260096,Pa
0.88932096,Pa
0.73598976,Pa
0.55199232,Pa
1.65597696,Pa
0.70532352,Pa
4.72260096,Pa
0.33732864,Pa
0.36799488,Pa
0.3066624,Pa
1.0733184,Pa
0.3066624,Pa
0.33732864,Pa
0.39866112,Pa
0.36799488,Pa
0.33732864,Pa
2.05463808,Pa
3.95594496,Pa
0.33732864,Pa
1.34931456,Pa
0.64399104,Pa
0.36799488,Pa
0.36799488,Pa
1.31864832,Pa
0.67465728,Pa
4.9065984,Pa
0.3066624,Pa
0.33732864,Pa
1.28798208,Pa
1.62531072,Pa
0.70532352,Pa
0.52132608,Pa
0.3066624,Pa
1.59464448,Pa
0.88932096,Pa
0.9199872,Pa
3.9866112,Pa
0.33732864,Pa
1.533312,Pa
1.16531712,Pa
0.64399104,Pa
1.9933056,Pa
0.3066624,Pa
0.33732864,Pa
0.67465728,Pa
0.6133248,Pa
1.90130688,Pa
1.0733184,Pa
2.36130048,Pa
1.74797568,Pa
1.01198592,Pa
0.3066624,Pa
0.36799488,Pa
4.41593856,Pa
0.33732864,Pa
3.46528512,Pa
0.3066624,Pa
0.33732864,Pa
0.3066624,Pa
0.3066624,Pa
1.34931456,Pa
0.39866112,Pa
0.3066624,Pa
0.39866112,Pa
0.33732864,Pa
0.39866112,Pa
0.39866112,Pa
0.3066624,Pa
16.65176832,Pa
0.98131968,Pa
1.44131328,Pa
1.01198592,Pa
0.33732864,Pa
0.36799488,Pa
0.52132608,Pa
0.42932736,Pa
0.70532352,Pa
0.39866112,Pa
5.33592576,Pa
0.36799488,Pa
0.98131968,Pa
2.57596416,Pa
0.36799488,Pa
0.3066624,Pa
0.4599936,Pa
0.4599936,Pa
0.9199872,Pa
0.3066624,Pa
0.82798848,Pa
1.44131328,Pa
0.98131968,Pa
1.28798208,Pa
0.6133248,Pa
3.43461888,Pa
0.3066624,Pa
0.3066624,Pa
0.42932736,Pa
2.69862912,Pa
0.3066624,Pa
0.9199872,Pa
2.05463808,Pa
1.59464448,Pa
0.79732224,Pa
0.95065344,Pa
0.33732864,Pa
0.6133248,Pa
2.6066304,Pa
1.16531712,Pa
0.33732864,Pa
0.3066624,Pa
0.82798848,Pa
0.766656,Pa
0.33732864,Pa
0.70532352,Pa
0.3066624,Pa
2.26930176,Pa
1.28798208,Pa
1.6866432,Pa
2.57596416,Pa
2.51463168,Pa
26.3729664,Pa
0.33732864,Pa
0.33732864,Pa
10.30385664,Pa
0.33732864,Pa
0.39866112,Pa
1.0733184,Pa
0.3066624,Pa
0.73598976,Pa
0.3066624,Pa
0.3066624,Pa
5.45859072,Pa
1.2266496,Pa
1.0733184,Pa
0.39866112,Pa
0.39866112,Pa
0.88932096,Pa
0.39866112,Pa
0.3066624,Pa
0.36799488,Pa
0.3066624,Pa
0.79732224,Pa
0.33732864,Pa
0.70532352,Pa
3.6799488,Pa
4.20127488,Pa
0.33732864,Pa
0.67465728,Pa
3.46528512,Pa
0.33732864,Pa
0.3066624,Pa
0.4599936,Pa
0.36799488,Pa
8.03455488,Pa
0.67465728,Pa
0.73598976,Pa
10.45718784,Pa
0.52132608,Pa
0.73598976,Pa
1.19598336,Pa
0.3066624,Pa
0.33732864,Pa
0.67465728,Pa
0.42932736,Pa
7.63589376,Pa
0.766656,Pa
1.0733184,Pa
1.28798208,Pa
1.31864832,Pa
1.47197952,Pa
0.4599936,Pa
0.39866112,Pa
0.39866112,Pa
0.33732864,Pa
0.3066624,Pa
0.82798848,Pa
0.3066624,Pa
0.52132608,Pa
2.48396544,Pa
0.3066624,Pa
0.64399104,Pa
0.33732864,Pa
0.3066624,Pa
1.3799808,Pa
1.90130688,Pa
0.4599936,Pa
5.30525952,Pa
0.3066624,Pa
0.33732864,Pa
0.6133248,Pa
2.33063424,Pa
1.16531712,Pa
38.11813632,Pa
0.79732224,Pa
0.3066624,Pa
6.19458048,Pa
0.73598976,Pa
0.42932736,Pa
0.36799488,Pa
0.36799488,Pa
0.4599936,Pa
1.533312,Pa
0.3066624,Pa
0.3066624,Pa
0.3066624,Pa
0.33732864,Pa
1.16531712,Pa
0.42932736,Pa
0.52132608,Pa
0.49065984,Pa
0.70532352,Pa
1.19598336,Pa
4.10927616,Pa
0.3066624,Pa
0.36799488,Pa
1.3799808,Pa
6.133248,Pa
3.64928256,Pa
0.73598976,Pa
0.67465728,Pa
5.09059584,Pa
0.33732864,Pa
0.3066624,Pa
1.34931456,Pa
0.3066624,Pa
0.4599936,Pa
1.41064704,Pa
0.36799488,Pa
2.85196032,Pa
0.88932096,Pa
0.3066624,Pa
0.33732864,Pa
0.3066624,Pa
0.9199872,Pa
1.16531712,Pa
0.33732864,Pa
0.49065984,Pa
0.3066624,Pa
0.39866112,Pa
0.3066624,Pa
1.44131328,Pa
1.8399744,Pa
0.3066624,Pa
0.36799488,Pa
0.766656,Pa
0.36799488,Pa
0.3066624,Pa
0.3066624,Pa
0.39866112,Pa
1.13465088,Pa
0.33732864,Pa
0.3066624,Pa
1.3799808,Pa
0.39866112,Pa
0.42932736,Pa
1.9933056,Pa
0.73598976,Pa
0.3066624,Pa
1.0733184,Pa
0.36799488,Pa
0.3066624,Pa
0.6133248,Pa
0.33732864,Pa
0.33732864,Pa
0.36799488,Pa
3.2199552,Pa
2.7599616,Pa
0.85865472,Pa
0.3066624,Pa
1.56397824,Pa
0.33732864,Pa
0.3066624,Pa
0.6133248,Pa
1.34931456,Pa
0.39866112,Pa
0.3066624,Pa
0.33732864,Pa
0.33732864,Pa
0.766656,Pa
1.13465088,Pa
0.3066624,Pa
0.39866112,Pa
2.23863552,Pa
1.0733184,Pa
0.67465728,Pa
2.26930176,Pa
0.4599936,Pa
18.18508032,Pa
0.36799488,Pa
0.3066624,Pa
0.4599936,Pa
0.95065344,Pa
0.6133248,Pa
0.3066624,Pa
2.72929536,Pa
0.52132608,Pa
8.09588736,Pa
1.62531072,Pa
0.33732864,Pa
1.3799808,Pa
1.19598336,Pa
0.33732864,Pa
1.28798208,Pa
0.88932096,Pa
1.96263936,Pa
0.36799488,Pa
0.3066624,Pa
0.52132608,Pa
1.31864832,Pa
1.04265216,Pa
0.3066624,Pa
11.0398464,Pa
0.64399104,Pa
2.23863552,Pa
0.52132608,Pa
2.36130048,Pa
1.71730944,Pa
0.3066624,Pa
0.9199872,Pa
5.6732544,Pa
26.28096768,Pa
2.08530432,Pa
4.99859712,Pa
1.71730944,Pa
2.66796288,Pa
5.48925696,Pa
1.96263936,Pa
0.3066624,Pa
1.10398464,Pa
0.36799488,Pa
0.766656,Pa
0.36799488,Pa
0.58265856,Pa
0.85865472,Pa
0.9199872,Pa
0.70532352,Pa
0.67465728,Pa
0.36799488,Pa
0.6133248,Pa
0.766656,Pa
1.16531712,Pa
0.3066624,Pa
0.98131968,Pa
0.3066624,Pa
3.00529152,Pa
0.33732864,Pa
4.66126848,Pa
0.3066624,Pa
0.64399104,Pa
1.44131328,Pa
0.36799488,Pa
0.36799488,Pa
7.39056384,Pa
2.42263296,Pa
0.67465728,Pa
0.3066624,Pa
0.766656,Pa
6.93057024,Pa
0.67465728,Pa
0.85865472,Pa
0.36799488,Pa
20.20905216,Pa
0.67465728,Pa
0.3066624,Pa
0.33732864,Pa
0.33732864,Pa
0.79732224,Pa
1.04265216,Pa
0.3066624,Pa
0.3066624,Pa
0.33732864,Pa
5.12126208,Pa
0.33732864,Pa
0.79732224,Pa
0.70532352,Pa
3.28128768,Pa
1.71730944,Pa
1.93197312,Pa
0.3066624,Pa
0.39866112,Pa
0.39866112,Pa
0.33732864,Pa
0.33732864,Pa
0.36799488,Pa
5.2132608,Pa
0.52132608,Pa
0.36799488,Pa
0.49065984,Pa
0.95065344,Pa
0.55199232,Pa
15.21045504,Pa
3.64928256,Pa
1.25731584,Pa
0.3066624,Pa
1.44131328,Pa
0.3066624,Pa
4.35460608,Pa
2.39196672,Pa
1.16531712,Pa
0.3066624,Pa
0.39866112,Pa
3.92527872,Pa
0.4599936,Pa
0.3066624,Pa
0.36799488,Pa
6.7465728,Pa
0.67465728,Pa
0.39866112,Pa
0.64399104,Pa
3.25062144,Pa
0.39866112,Pa
0.52132608,Pa
1.10398464,Pa
0.55199232,Pa
0.33732864,Pa
0.79732224,Pa
0.39866112,Pa
0.3066624,Pa
2.26930176,Pa
0.82798848,Pa
0.39866112,Pa
0.42932736,Pa
0.39866112,Pa
0.3066624,Pa
1.19598336,Pa
0.64399104,Pa
0.766656,Pa
3.31195392,Pa
0.36799488,Pa
0.33732864,Pa
6.71590656,Pa
3.25062144,Pa
1.8399744,Pa
0.42932736,Pa
0.39866112,Pa
0.36799488,Pa
2.299968,Pa
0.79732224,Pa
0.33732864,Pa
0.82798848,Pa
0.3066624,Pa
1.65597696,Pa
7.63589376,Pa
0.3066624,Pa
0.36799488,Pa
0.33732864,Pa
0.49065984,Pa
0.3066624,Pa
0.33732864,Pa
0.52132608,Pa
0.36799488,Pa
0.85865472,Pa
0.70532352,Pa
1.31864832,Pa
1.25731584,Pa
0.39866112,Pa
1.65597696,Pa
7.02256896,Pa
0.6133248,Pa
0.36799488,Pa
0.3066624,Pa
0.70532352,Pa
0.3066624,Pa
0.3066624,Pa
0.3066624,Pa
0.42932736,Pa
0.33732864,Pa
2.94395904,Pa
0.49065984,Pa
0.3066624,Pa
2.51463168,Pa
0.33732864,Pa
0.3066624,Pa
0.79732224,Pa
3.95594496,Pa
1.533312,Pa
1.13465088,Pa
2.26930176,Pa
0.3066624,Pa
2.17730304,Pa
3.18928896,Pa
0.3066624,Pa
22.233024,Pa
0.3066624,Pa
1.04265216,Pa
0.4599936,Pa
0.49065984,Pa
0.33732864,Pa
2.23863552,Pa
0.70532352,Pa
0.36799488,Pa
0.95065344,Pa
0.33732864,Pa
0.39866112,Pa
0.36799488,Pa
0.33732864,Pa
1.71730944,Pa
0.67465728,Pa
0.67465728,Pa
0.33732864,Pa
0.55199232,Pa
1.65597696,Pa
0.33732864,Pa
0.3066624,Pa
0.3066624,Pa
0.70532352,Pa
2.39196672,Pa
2.48396544,Pa
1.47197952,Pa
3.31195392,Pa
0.4599936,Pa
1.74797568,Pa
1.2266496,Pa
1.59464448,Pa
3.95594496,Pa
1.34931456,Pa
0.49065984,Pa
0.3066624,Pa
0.49065984,Pa
1.77864192,Pa
0.36799488,Pa
0.85865472,Pa
5.33592576,Pa
0.98131968,Pa
4.93726464,Pa
0.36799488,Pa
0.3066624,Pa
0.3066624,Pa
8.00388864,Pa
2.299968,Pa
0.3066624,Pa
0.33732864,Pa
0.64399104,Pa
0.3066624,Pa
0.9199872,Pa
0.3066624,Pa
0.33732864,Pa
0.36799488,Pa
1.533312,Pa
0.88932096,Pa
3.92527872,Pa
0.33732864,Pa
1.13465088,Pa
0.33732864,Pa
0.3066624,Pa
0.67465728,Pa
0.42932736,Pa
3.86394624,Pa
0.36799488,Pa
0.42932736,Pa
0.70532352,Pa
12.38916096,Pa
2.88262656,Pa
0.766656,Pa
1.34931456,Pa
0.42932736,Pa
0.36799488,Pa
0.3066624,Pa
0.36799488,Pa
0.33732864,Pa
0.39866112,Pa
0.3066624,Pa
0.95065344,Pa
1.13465088,Pa
19.933056,Pa
1.10398464,Pa
2.02397184,Pa
0.3066624,Pa
0.39866112,Pa
0.49065984,Pa
0.58265856,Pa
0.39866112,Pa
0.39866112,Pa
0.33732864,Pa
4.41593856,Pa
0.3066624,Pa
6.07191552,Pa
3.6799488,Pa
0.3066624,Pa
1.62531072,Pa
0.39866112,Pa
0.36799488,Pa
2.9132928,Pa
0.766656,Pa
1.50264576,Pa
0.79732224,Pa
14.81179392,Pa
0.73598976,Pa
1.56397824,Pa
0.3066624,Pa
0.33732864,Pa
6.5932416,Pa
0.39866112,Pa
0.98131968,Pa
0.79732224,Pa
0.55199232,Pa
1.44131328,Pa
1.28798208,Pa
2.05463808,Pa
0.33732864,Pa
0.79732224,Pa
0.3066624,Pa
0.3066624,Pa
0.70532352,Pa
0.3066624,Pa
0.3066624,Pa
1.01198592,Pa
5.02926336,Pa
2.17730304,Pa
0.36799488,Pa
0.33732864,Pa
0.33732864,Pa
4.07860992,Pa
0.52132608,Pa
0.3066624,Pa
0.766656,Pa
0.85865472,Pa
3.12795648,Pa
1.19598336,Pa
16.4064384,Pa
0.36799488,Pa
0.33732864,Pa
0.58265856,Pa
4.01727744,Pa
0.49065984,Pa
2.7599616,Pa
0.3066624,Pa
0.3066624,Pa
0.58265856,Pa
0.3066624,Pa
0.33732864,Pa
0.42932736,Pa
1.13465088,Pa
28.15160832,Pa
0.49065984,Pa
4.04794368,Pa
0.3066624,Pa
0.3066624,Pa
0.39866112,Pa
0.70532352,Pa
0.73598976,Pa
1.0733184,Pa
1.96263936,Pa
14.566464,Pa
0.4599936,Pa
0.3066624,Pa
0.6133248,Pa
6.77723904,Pa
0.70532352,Pa
0.33732864,Pa
0.36799488,Pa
0.6133248,Pa
0.33732864,Pa
3.40395264,Pa
1.41064704,Pa
0.67465728,Pa
1.19598336,Pa
0.49065984,Pa
3.40395264,Pa
0.64399104,Pa
2.4532992,Pa
8.70921216,Pa
0.39866112,Pa
0.39866112,Pa
0.67465728,Pa
0.766656,Pa
0.4599936,Pa
2.05463808,Pa
0.33732864,Pa
0.85865472,Pa
0.3066624,Pa
0.3066624,Pa
0.49065984,Pa
0.70532352,Pa
1.19598336,Pa
1.44131328,Pa
0.36799488,Pa
1.13465088,Pa
0.36799488,Pa
0.67465728,Pa
0.3066624,Pa
0.3066624,Pa
0.3066624,Pa
0.55199232,Pa
0.82798848,Pa
2.05463808,Pa
0.39866112,Pa
0.3066624,Pa
0.36799488,Pa
0.39866112,Pa
0.85865472,Pa
0.36799488,Pa
1.93197312,Pa
0.6133248,Pa
0.49065984,Pa
2.08530432,Pa
7.85055744,Pa
5.42792448,Pa
0.3066624,Pa
1.2266496,Pa
2.36130048,Pa
1.3799808,Pa
0.3066624,Pa
0.82798848,Pa
0.36799488,Pa
0.33732864,Pa
0.49065984,Pa
0.33732864,Pa
0.33732864,Pa
15.36378624,Pa
0.33732864,Pa
0.39866112,Pa
0.3066624,Pa
0.39866112,Pa
2.26930176,Pa
2.299968,Pa
2.63729664,Pa
2.54529792,Pa
6.86923776,Pa
2.42263296,Pa
0.3066624,Pa
3.49595136,Pa
0.3066624,Pa
0.3066624,Pa
4.72260096,Pa
0.33732864,Pa
1.28798208,Pa
0.36799488,Pa
0.6133248,Pa
0.36799488,Pa
0.79732224,Pa
1.34931456,Pa
0.4599936,Pa
0.39866112,Pa
0.33732864,Pa
0.42932736,Pa
1.44131328,Pa
0.52132608,Pa
1.04265216,Pa
3.18928896,Pa
0.95065344,Pa
0.33732864,Pa
0.36799488,Pa
0.98131968,Pa
0.33732864,Pa
0.3066624,Pa
0.70532352,Pa
2.1466368,Pa
0.36799488,Pa
0.36799488,Pa
1.59464448,Pa
0.39866112,Pa
4.53860352,Pa
0.3066624,Pa
0.95065344,Pa
1.44131328,Pa
0.3066624,Pa
0.33732864,Pa
0.3066624,Pa
9.62919936,Pa
2.79062784,Pa
6.93057024,Pa
0.85865472,Pa
0.33732864,Pa
0.33732864,Pa
0.3066624,Pa
0.33732864,Pa
0.33732864,Pa
0.49065984,Pa
0.36799488,Pa
17.51042304,Pa
2.26930176,Pa
0.4599936,Pa
3.6799488,Pa
0.49065984,Pa
0.3066624,Pa
0.3066624,Pa
0.3066624,Pa
0.33732864,Pa
0.39866112,Pa
0.33732864,Pa
0.36799488,Pa
0.33732864,Pa
0.3066624,Pa
0.33732864,Pa
0.98131968,Pa
2.82129408,Pa
0.3066624,Pa
0.3066624,Pa
0.33732864,Pa
12.1131648,Pa
1.19598336,Pa
0.3066624,Pa
0.33732864,Pa
0.4599936,Pa
1.90130688,Pa
0.3066624,Pa
0.36799488,Pa
0.33732864,Pa
1.6866432,Pa
3.3732864,Pa
0.39866112,Pa
1.2266496,Pa
0.33732864,Pa
3.12795648,Pa
0.33732864,Pa
1.41064704,Pa
0.33732864,Pa
0.64399104,Pa
3.03595776,Pa
7.02256896,Pa
1.96263936,Pa
10.36518912,Pa
2.17730304,Pa
3.066624,Pa
0.42932736,Pa
0.42932736,Pa
0.3066624,Pa
0.67465728,Pa
0.33732864,Pa
0.73598976,Pa
0.42932736,Pa
1.65597696,Pa
0.36799488,Pa
0.67465728,Pa
0.64399104,Pa
0.33732864,Pa
0.3066624,Pa
1.25731584,Pa
0.49065984,Pa
0.36799488,Pa
0.3066624,Pa
0.39866112,Pa
1.31864832,Pa
1.13465088,Pa
2.299968,Pa
0.9199872,Pa
0.73598976,Pa
0.49065984,Pa
5.2132608,Pa
0.33732864,Pa
0.33732864,Pa
0.4599936,Pa
7.78922496,Pa
0.88932096,Pa
1.62531072,Pa
0.39866112,Pa
2.08530432,Pa
17.23442688,Pa
0.39866112,Pa
0.36799488,Pa
2.20796928,Pa
2.66796288,Pa
3.40395264,Pa
0.33732864,Pa
1.533312,Pa
6.10258176,Pa
0.52132608,Pa
0.88932096,Pa
0.33732864,Pa
5.61192192,Pa
2.39196672,Pa
0.36799488,Pa
0.4599936,Pa
0.39866112,Pa
0.3066624,Pa
1.25731584,Pa
0.3066624,Pa
0.6133248,Pa
0.49065984,Pa
0.85865472,Pa
1.10398464,Pa
0.33732864,Pa
0.33732864,Pa
1.65597696,Pa
0.9199872,Pa
0.98131968,Pa
0.49065984,Pa
0.36799488,Pa
0.3066624,Pa
4.04794368,Pa
0.52132608,Pa
1.56397824,Pa
0.3066624,Pa
2.54529792,Pa
0.33732864,Pa
0.36799488,Pa
1.34931456,Pa
0.36799488,Pa
0.33732864,Pa
2.4532992,Pa
0.82798848,Pa
0.49065984,Pa
0.64399104,Pa
0.3066624,Pa
1.90130688,Pa
1.19598336,Pa
0.3066624,Pa
3.09729024,Pa
3.31195392,Pa
1.533312,Pa
0.33732864,Pa
0.36799488,Pa
0.73598976,Pa
2.23863552,Pa
1.6866432,Pa
0.36799488,Pa
0.39866112,Pa
0.36799488,Pa
1.50264576,Pa
0.3066624,Pa
0.33732864,Pa
0.39866112,Pa
0.52132608,Pa
13.033152,Pa
0.55199232,Pa
4.10927616,Pa
0.67465728,Pa
0.55199232,Pa
0.33732864,Pa
0.67465728,Pa
0.36799488,Pa
0.3066624,Pa
1.6866432,Pa
1.0733184,Pa
0.36799488,Pa
0.3066624,Pa
2.82129408,Pa
0.33732864,Pa
0.79732224,Pa
0.39866112,Pa
3.03595776,Pa
0.3066624,Pa
0.58265856,Pa
0.766656,Pa
1.44131328,Pa
0.3066624,Pa
0.33732864,Pa
0.33732864,Pa
0.33732864,Pa
6.56257536,Pa
0.36799488,Pa
0.33732864,Pa
0.3066624,Pa
0.3066624,Pa
0.98131968,Pa
0.36799488,Pa
0.3066624,Pa
0.42932736,Pa
0.3066624,Pa
1.2266496,Pa
0.36799488,Pa
0.64399104,Pa
7.42123008,Pa
1.8399744,Pa
8.15721984,Pa
0.79732224,Pa
3.34262016,Pa
30.17558016,Pa
0.82798848,Pa
0.33732864,Pa
1.04265216,Pa
1.47197952,Pa
4.69193472,Pa
1.0733184,Pa
2.79062784,Pa
5.85725184,Pa
2.94395904,Pa
0.4599936,Pa
0.42932736,Pa
1.0733184,Pa
2.299968,Pa
0.33732864,Pa
0.766656,Pa
2.05463808,Pa
0.3066624,Pa
0.39866112,Pa
1.2266496,Pa
1.59464448,Pa
0.67465728,Pa
1.13465088,Pa
0.3066624,Pa
0.42932736,Pa
1.0733184,Pa
0.70532352,Pa
0.36799488,Pa
0.58265856,Pa
5.64258816,Pa
0.95065344,Pa
2.26930176,Pa
2.6066304,Pa
0.36799488,Pa
0.33732864,Pa
0.3066624,Pa
1.13465088,Pa
1.80930816,Pa
2.23863552,Pa
1.16531712,Pa
0.36799488,Pa
0.70532352,Pa
2.33063424,Pa
0.4599936,Pa
0.3066624,Pa
1.28798208,Pa
2.1466368,Pa
0.82798848,Pa
2.08530432,Pa
2.17730304,Pa
3.40395264,Pa
3.64928256,Pa
0.64399104,Pa
0.67465728,Pa
0.36799488,Pa
1.3799808,Pa
0.39866112,Pa
0.67465728,Pa
6.80790528,Pa
1.71730944,Pa
2.20796928,Pa
1.80930816,Pa
0.39866112,Pa
0.49065984,Pa
3.64928256,Pa
0.67465728,Pa
2.9132928,Pa
0.6133248,Pa
0.79732224,Pa
3.71061504,Pa
0.42932736,Pa
0.55199232,Pa
0.73598976,Pa
0.33732864,Pa
0.766656,Pa
0.3066624,Pa
0.6133248,Pa
0.42932736,Pa
1.93197312,Pa
0.33732864,Pa
2.1466368,Pa
0.39866112,Pa
0.82798848,Pa
1.71730944,Pa
0.70532352,Pa
0.36799488,Pa
0.73598976,Pa
0.3066624,Pa
1.65597696,Pa
2.02397184,Pa
0.33732864,Pa
0.98131968,Pa
0.33732864,Pa
3.77194752,Pa
1.71730944,Pa
0.33732864,Pa
0.36799488,Pa
0.36799488,Pa
0.36799488,Pa
8.8932096,Pa
0.36799488,Pa
0.42932736,Pa
0.3066624,Pa
0.33732864,Pa
40.90876416,Pa
2.82129408,Pa
0.3066624,Pa
0.36799488,Pa
0.33732864,Pa
0.3066624,Pa
5.73458688,Pa
0.49065984,Pa
10.79451648,Pa
0.42932736,Pa
0.3066624,Pa
3.58795008,Pa
2.66796288,Pa
0.766656,Pa
15.1797888,Pa
2.94395904,Pa
1.31864832,Pa
0.36799488,Pa
1.04265216,Pa
0.33732864,Pa
7.39056384,Pa
1.44131328,Pa
0.3066624,Pa
0.36799488,Pa
0.73598976,Pa
0.70532352,Pa
0.36799488,Pa
6.68524032,Pa
0.6133248,Pa
0.3066624,Pa
1.16531712,Pa
0.3066624,Pa
1.65597696,Pa
3.34262016,Pa
1.0733184,Pa
0.49065984,Pa
2.51463168,Pa
0.3066624,Pa
0.36799488,Pa
0.4599936,Pa
5.0599296,Pa
0.70532352,Pa
0.73598976,Pa
0.33732864,Pa
3.12795648,Pa
0.36799488,Pa
0.766656,Pa
0.82798848,Pa
0.33732864,Pa
0.73598976,Pa
0.33732864,Pa
0.36799488,Pa
0.3066624,Pa
0.33732864,Pa
0.33732864,Pa
4.47727104,Pa
1.56397824,Pa
0.67465728,Pa
0.42932736,Pa
0.39866112,Pa
0.33732864,Pa
4.04794368,Pa
2.20796928,Pa
0.36799488,Pa
0.6133248,Pa
0.82798848,Pa
3.2199552,Pa
1.01198592,Pa
0.4599936,Pa
1.533312,Pa
3.00529152,Pa
2.1466368,Pa
0.42932736,Pa
0.36799488,Pa
0.33732864,Pa
0.3066624,Pa
0.55199232,Pa
0.85865472,Pa
0.39866112,Pa
7.57456128,Pa
0.39866112,Pa
0.3066624,Pa
0.33732864,Pa
3.00529152,Pa
0.33732864,Pa
0.3066624,Pa
1.90130688,Pa
0.39866112,Pa
0.42932736,Pa
0.3066624,Pa
0.49065984,Pa
0.36799488,Pa
5.85725184,Pa
0.67465728,Pa
0.73598976,Pa
1.44131328,Pa
0.42932736,Pa
0.33732864,Pa
0.3066624,Pa
0.3066624,Pa
0.33732864,Pa
1.0733184,Pa
0.33732864,Pa
0.3066624,Pa
0.95065344,Pa
0.42932736,Pa
0.33732864,Pa
0.36799488,Pa
2.85196032,Pa
1.3799808,Pa
2.4532992,Pa
0.3066624,Pa
7.29856512,Pa
0.67465728,Pa
0.55199232,Pa
0.3066624,Pa
0.70532352,Pa
0.3066624,Pa
0.85865472,Pa
10.08919296,Pa
0.42932736,Pa
0.95065344,Pa
0.3066624,Pa
1.59464448,Pa
0.33732864,Pa
5.09059584,Pa
1.28798208,Pa
0.3066624,Pa
2.51463168,Pa
0.64399104,Pa
1.04265216,Pa
0.33732864,Pa
0.3066624,Pa
4.63060224,Pa
0.39866112,Pa
0.64399104,Pa
0.36799488,Pa
7.48256256,Pa
5.09059584,Pa
1.13465088,Pa
4.4466048,Pa
1.96263936,Pa
0.3066624,Pa
0.3066624,Pa
1.34931456,Pa
0.3066624,Pa
0.33732864,Pa
1.93197312,Pa
4.81459968,Pa
0.49065984,Pa
1.16531712,Pa
0.3066624,Pa
1.9933056,Pa
1.28798208,Pa
0.36799488,Pa
1.93197312,Pa
1.10398464,Pa
0.55199232,Pa
2.17730304,Pa
0.766656,Pa
1.01198592,Pa
1.19598336,Pa
0.3066624,Pa
0.64399104,Pa
0.33732864,Pa
0.36799488,Pa
0.39866112,Pa
0.3066624,Pa
4.56926976,Pa
0.36799488,Pa
1.28798208,Pa
0.36799488,Pa
0.4599936,Pa
0.64399104,Pa
0.52132608,Pa
0.33732864,Pa
0.3066624,Pa
0.3066624,Pa
0.4599936,Pa
0.36799488,Pa
1.31864832,Pa
0.4599936,Pa
0.3066624,Pa
0.33732864,Pa
0.64399104,Pa
0.33732864,Pa
0.79732224,Pa
0.4599936,Pa
0.73598976,Pa
0.67465728,Pa
0.3066624,Pa
7.0532352,Pa
2.66796288,Pa
1.59464448,Pa
0.79732224,Pa
1.6866432,Pa
2.39196672,Pa
0.33732864,Pa
0.33732864,Pa
1.19598336,Pa
0.36799488,Pa
0.9199872,Pa
0.3066624,Pa
7.75855872,Pa
0.33732864,Pa
0.64399104,Pa
1.62531072,Pa
0.766656,Pa
7.69722624,Pa
0.36799488,Pa
1.04265216,Pa
0.33732864,Pa
0.3066624,Pa
1.04265216,Pa
0.67465728,Pa
0.3066624,Pa
1.65597696,Pa
1.31864832,Pa
21.466368,Pa
0.33732864,Pa
0.3066624,Pa
0.3066624,Pa
0.33732864,Pa
1.6866432,Pa
1.2266496,Pa
0.70532352,Pa
0.3066624,Pa
1.8399744,Pa
2.88262656,Pa
0.3066624,Pa
0.95065344,Pa
0.42932736,Pa
7.75855872,Pa
0.39866112,Pa
0.39866112,Pa
0.3066624,Pa
0.3066624,Pa
0.33732864,Pa
0.3066624,Pa
1.25731584,Pa
0.33732864,Pa
0.58265856,Pa
1.13465088,Pa
0.36799488,Pa
0.36799488,Pa
1.16531712,Pa
0.3066624,Pa
0.36799488,Pa
0.42932736,Pa
5.02926336,Pa
0.3066624,Pa
3.09729024,Pa
0.58265856,Pa
1.3799808,Pa
1.50264576,Pa
0.33732864,Pa
0.3066624,Pa
0.70532352,Pa
1.80930816,Pa
0.33732864,Pa
11.49984,Pa
0.39866112,Pa
8.55588096,Pa
0.33732864,Pa
0.3066624,Pa
0.73598976,Pa
3.066624,Pa
1.44131328,Pa
0.33732864,Pa
0.64399104,Pa
0.36799488,Pa
0.73598976,Pa
2.4532992,Pa
11.8065024,Pa
0.39866112,Pa
1.19598336,Pa
0.4599936,Pa
0.3066624,Pa
0.3066624,Pa
0.55199232,Pa
1.04265216,Pa
0.39866112,Pa
1.01198592,Pa
0.33732864,Pa
0.36799488,Pa
0.67465728,Pa
1.59464448,Pa
0.33732864,Pa
0.98131968,Pa
1.2266496,Pa
1.0733184,Pa
0.36799488,Pa
0.33732864,Pa
1.31864832,Pa
0.88932096,Pa
0.70532352,Pa
1.16531712,Pa
1.01198592,Pa
0.36799488,Pa
12.5731584,Pa
8.61721344,Pa
0.33732864,Pa
1.71730944,Pa
0.39866112,Pa
0.3066624,Pa
0.9199872,Pa
0.3066624,Pa
0.33732864,Pa
0.52132608,Pa
1.65597696,Pa
0.36799488,Pa
0.67465728,Pa
0.36799488,Pa
0.6133248,Pa
0.49065984,Pa
0.39866112,Pa
0.4599936,Pa
0.33732864,Pa
1.77864192,Pa
0.49065984,Pa
0.33732864,Pa
0.33732864,Pa
0.3066624,Pa
0.3066624,Pa
0.36799488,Pa
0.3066624,Pa
0.55199232,Pa
0.3066624,Pa
0.33732864,Pa
0.42932736,Pa
3.15862272,Pa
0.33732864,Pa
0.36799488,Pa
0.39866112,Pa
3.03595776,Pa
0.95065344,Pa
0.3066624,Pa
0.3066624,Pa
0.49065984,Pa
3.43461888,Pa
0.4599936,Pa
0.33732864,Pa
0.3066624,Pa
0.3066624,Pa
0.3066624,Pa
0.39866112,Pa
0.64399104,Pa
1.59464448,Pa
0.36799488,Pa
0.36799488,Pa
0.6133248,Pa
2.20796928,Pa
0.6133248,Pa
1.56397824,Pa
0.39866112,Pa
0.3066624,Pa
0.33732864,Pa
3.49595136,Pa
0.36799488,Pa
0.36799488,Pa
1.44131328,Pa
0.4599936,Pa
0.33732864,Pa
4.69193472,Pa
0.3066624,Pa
4.66126848,Pa
0.33732864,Pa
0.33732864,Pa
0.6133248,Pa
0.3066624,Pa
0.3066624,Pa
0.67465728,Pa
1.13465088,Pa
0.88932096,Pa
0.73598976,Pa
4.9065984,Pa
1.13465088,Pa
2.33063424,Pa
0.766656,Pa
0.3066624,Pa
0.4599936,Pa
0.70532352,Pa
1.6866432,Pa
1.47197952,Pa
0.3066624,Pa
0.33732864,Pa
0.3066624,Pa
8.1265536,Pa
0.36799488,Pa
0.33732864,Pa
0.3066624,Pa
1.90130688,Pa
0.36799488,Pa
0.88932096,Pa
0.33732864,Pa
12.17449728,Pa
2.48396544,Pa
0.42932736,Pa
0.79732224,Pa
0.52132608,Pa
0.64399104,Pa
0.3066624,Pa
3.2199552,Pa
6.7465728,Pa
2.05463808,Pa
0.85865472,Pa
3.3732864,Pa
34.86751488,Pa
0.95065344,Pa
0.3066624,Pa
3.6799488,Pa
1.2266496,Pa
0.3066624,Pa
0.36799488,Pa
0.39866112,Pa
0.39866112,Pa
1.10398464,Pa
1.25731584,Pa
1.9933056,Pa
6.07191552,Pa
0.3066624,Pa
15.39445248,Pa
1.04265216,Pa
1.01198592,Pa
2.17730304,Pa
3.95594496,Pa
0.55199232,Pa
3.18928896,Pa
1.16531712,Pa
0.3066624,Pa
0.55199232,Pa
1.0733184,Pa
0.3066624,Pa
1.533312,Pa
0.36799488,Pa
1.8399744,Pa
12.8798208,Pa
1.34931456,Pa
0.3066624,Pa
0.33732864,Pa
0.3066624,Pa
2.05463808,Pa
0.33732864,Pa
0.3066624,Pa
0.70532352,Pa
1.6866432,Pa
0.36799488,Pa
0.36799488,Pa
0.67465728,Pa
3.066624,Pa
0.3066624,Pa
3.89461248,Pa
0.6133248,Pa
2.05463808,Pa
0.4599936,Pa
0.33732864,Pa
10.91718144,Pa
0.3066624,Pa
0.36799488,Pa
0.3066624,Pa
0.73598976,Pa
0.42932736,Pa
12.84915456,Pa
3.43461888,Pa
0.98131968,Pa
0.3066624,Pa
1.74797568,Pa
0.73598976,Pa
0.95065344,Pa
0.33732864,Pa
0.82798848,Pa
0.39866112,Pa
0.4599936,Pa
0.4599936,Pa
6.07191552,Pa
0.3066624,Pa
0.3066624,Pa
0.33732864,Pa
0.36799488,Pa
1.3799808,Pa
0.82798848,Pa
0.39866112,Pa
0.73598976,Pa
0.42932736,Pa
0.766656,Pa
1.59464448,Pa
0.33732864,Pa
1.6866432,Pa
3.09729024,Pa
0.33732864,Pa
0.67465728,Pa
0.49065984,Pa
0.73598976,Pa
0.3066624,Pa
1.10398464,Pa
0.36799488,Pa
3.3732864,Pa
9.199872,Pa
6.65457408,Pa
1.50264576,Pa
1.04265216,Pa
0.39866112,Pa
4.4466048,Pa
0.33732864,Pa
0.79732224,Pa
3.15862272,Pa
0.98131968,Pa
0.49065984,Pa
1.47197952,Pa
1.56397824,Pa
1.10398464,Pa
6.34791168,Pa
0.33732864,Pa
1.8399744,Pa
0.3066624,Pa
0.64399104,Pa
0.6133248,Pa
0.766656,Pa
4.50793728,Pa
0.3066624,Pa
0.36799488,Pa
3.92527872,Pa
0.33732864,Pa
0.33732864,Pa
0.52132608,Pa
1.01198592,Pa
0.33732864,Pa
0.3066624,Pa
1.19598336,Pa
0.33732864,Pa
0.766656,Pa
2.82129408,Pa
0.33732864,Pa
0.39866112,Pa
0.36799488,Pa
0.4599936,Pa
0.3066624,Pa
12.81848832,Pa
0.3066624,Pa
0.58265856,Pa
0.42932736,Pa
0.3066624,Pa
0.3066624,Pa
5.33592576,Pa
0.98131968,Pa
0.33732864,Pa
0.33732864,Pa
0.36799488,Pa
0.33732864,Pa
0.36799488,Pa
3.92527872,Pa
0.33732864,Pa
10.51852032,Pa
0.67465728,Pa
1.47197952,Pa
0.766656,Pa
1.59464448,Pa
0.9199872,Pa
0.73598976,Pa
12.20516352,Pa
0.64399104,Pa
0.33732864,Pa
0.4599936,Pa
0.36799488,Pa
2.39196672,Pa
11.3465088,Pa
3.74128128,Pa
0.33732864,Pa
0.3066624,Pa
0.64399104,Pa
0.33732864,Pa
13.98380544,Pa
0.36799488,Pa
0.42932736,Pa
0.6133248,Pa
0.33732864,Pa
0.85865472,Pa
2.33063424,Pa
3.09729024,Pa
3.066624,Pa
0.3066624,Pa
5.27459328,Pa
0.52132608,Pa
0.33732864,Pa
0.33732864,Pa
0.3066624,Pa
0.82798848,Pa
3.80261376,Pa
4.7532672,Pa
5.39725824,Pa
7.5132288,Pa
5.64258816,Pa
5.0599296,Pa
0.4599936,Pa
1.62531072,Pa
0.36799488,Pa
0.70532352,Pa
0.64399104,Pa
0.4599936,Pa
0.3066624,Pa
1.74797568,Pa
0.36799488,Pa
0.3066624,Pa
2.97462528,Pa
1.71730944,Pa
0.36799488,Pa
1.04265216,Pa
0.39866112,Pa
0.766656,Pa
0.82798848,Pa
0.42932736,Pa
0.67465728,Pa
2.63729664,Pa
0.98131968,Pa
0.79732224,Pa
0.88932096,Pa
0.4599936,Pa
1.44131328,Pa
1.19598336,Pa
0.33732864,Pa
2.26930176,Pa
1.01198592,Pa
0.79732224,Pa
0.49065984,Pa
1.16531712,Pa
0.52132608,Pa
0.3066624,Pa
0.3066624,Pa
0.85865472,Pa
0.70532352,Pa
0.79732224,Pa
15.73178112,Pa
0.3066624,Pa
0.33732864,Pa
0.33732864,Pa
0.36799488,Pa
0.3066624,Pa
1.10398464,Pa
0.33732864,Pa
1.90130688,Pa
1.13465088,Pa
0.33732864,Pa
0.3066624,Pa
10.36518912,Pa
1.34931456,Pa
13.46247936,Pa
0.64399104,Pa
0.3066624,Pa
10.21185792,Pa
3.09729024,Pa
4.63060224,Pa
0.33732864,Pa
0.3066624,Pa
0.33732864,Pa
0.42932736,Pa
0.36799488,Pa
0.33732864,Pa
0.3066624,Pa
3.09729024,Pa
0.67465728,Pa
3.64928256,Pa
0.33732864,Pa
1.56397824,Pa
1.31864832,Pa
0.33732864,Pa
7.66656,Pa
2.79062784,Pa
0.33732864,Pa
0.67465728,Pa
0.36799488,Pa
1.01198592,Pa
0.73598976,Pa
0.3066624,Pa
3.6799488,Pa
0.64399104,Pa
0.42932736,Pa
3.43461888,Pa
0.42932736,Pa
0.98131968,Pa
1.16531712,Pa
1.74797568,Pa
7.3598976,Pa
0.36799488,Pa
0.4599936,Pa
0.3066624,Pa
0.33732864,Pa
0.33732864,Pa
2.51463168,Pa
0.42932736,Pa
0.39866112,Pa
0.36799488,Pa
0.36799488,Pa
0.3066624,Pa
0.36799488,Pa
1.28798208,Pa
0.3066624,Pa
0.82798848,Pa
0.82798848,Pa
5.8265856,Pa
0.39866112,Pa
0.79732224,Pa
0.42932736,Pa
0.39866112,Pa
0.36799488,Pa
1.6866432,Pa
3.00529152,Pa
0.3066624,Pa
3.03595776,Pa
0.3066624,Pa
4.01727744,Pa
0.3066624,Pa
0.33732864,Pa
0.3066624,Pa
1.41064704,Pa
0.70532352,Pa
1.25731584,Pa
0.67465728,Pa
0.3066624,Pa
0.36799488,Pa
0.3066624,Pa
0.33732864,Pa
0.39866112,Pa
0.3066624,Pa
1.13465088,Pa
0.70532352,Pa
3.49595136,Pa
0.33732864,Pa
0.4599936,Pa
0.98131968,Pa
2.57596416,Pa
1.59464448,Pa
1.04265216,Pa
0.82798848,Pa
1.9933056,Pa
1.2266496,Pa
3.58795008,Pa
2.72929536,Pa
0.42932736,Pa
0.3066624,Pa
0.36799488,Pa
1.13465088,Pa
2.72929536,Pa
0.52132608,Pa
3.00529152,Pa
0.4599936,Pa
1.74797568,Pa
0.85865472,Pa
0.42932736,Pa
0.36799488,Pa
0.33732864,Pa
1.16531712,Pa
5.24392704,Pa
4.07860992,Pa
1.34931456,Pa
0.67465728,Pa
2.17730304,Pa
0.42932736,Pa
0.36799488,Pa
1.04265216,Pa
8.15721984,Pa
0.42932736,Pa
2.36130048,Pa
1.04265216,Pa
4.7532672,Pa
1.04265216,Pa
0.73598976,Pa
0.3066624,Pa
1.31864832,Pa
3.55728384,Pa
0.98131968,Pa
2.1466368,Pa
0.3066624,Pa
0.6133248,Pa
0.64399104,Pa
0.95065344,Pa
0.36799488,Pa
0.52132608,Pa
0.3066624,Pa
4.2932736,Pa
1.8399744,Pa
0.39866112,Pa
1.13465088,Pa
1.47197952,Pa
0.33732864,Pa
0.4599936,Pa
1.01198592,Pa
0.39866112,Pa
17.81708544,Pa
0.3066624,Pa
1.9933056,Pa
2.20796928,Pa
7.88122368,Pa
3.12795648,Pa
3.58795008,Pa
0.52132608,Pa
0.36799488,Pa
0.33732864,Pa
2.36130048,Pa
1.3799808,Pa
2.02397184,Pa
0.766656,Pa
0.33732864,Pa
0.39866112,Pa
0.98131968,Pa
0.36799488,Pa
0.9199872,Pa
0.3066624,Pa
0.3066624,Pa
0.4599936,Pa
0.39866112,Pa
8.7398784,Pa
0.3066624,Pa
2.42263296,Pa
0.3066624,Pa
8.03455488,Pa
0.33732864,Pa
0.3066624,Pa
3.3732864,Pa
0.36799488,Pa
1.50264576,Pa
0.4599936,Pa
0.36799488,Pa
0.3066624,Pa
0.42932736,Pa
2.02397184,Pa
3.46528512,Pa
4.72260096,Pa
0.36799488,Pa
0.64399104,Pa
0.42932736,Pa
0.33732864,Pa
0.36799488,Pa
0.73598976,Pa
0.3066624,Pa
1.41064704,Pa
1.13465088,Pa
0.39866112,Pa
0.33732864,Pa
6.62390784,Pa
4.66126848,Pa
0.67465728,Pa
0.39866112,Pa
1.71730944,Pa
0.33732864,Pa
2.4532992,Pa
0.33732864,Pa
0.42932736,Pa
0.3066624,Pa
0.42932736,Pa
2.54529792,Pa
0.73598976,Pa
2.08530432,Pa
0.70532352,Pa
0.4599936,Pa
0.85865472,Pa
2.11597056,Pa
0.39866112,Pa
3.64928256,Pa
0.3066624,Pa
0.3066624,Pa
0.33732864,Pa
2.42263296,Pa
3.89461248,Pa
0.42932736,Pa
5.42792448,Pa
2.94395904,Pa
0.9199872,Pa
0.42932736,Pa
0.33732864,Pa
0.36799488,Pa
0.39866112,Pa
16.19177472,Pa
0.4599936,Pa
0.70532352,Pa
0.3066624,Pa
0.3066624,Pa
0.33732864,Pa
0.79732224,Pa
0.82798848,Pa
1.50264576,Pa
0.36799488,Pa
3.34262016,Pa
1.28798208,Pa
1.93197312,Pa
2.05463808,Pa
0.3066624,Pa
1.90130688,Pa
14.78112768,Pa
0.33732864,Pa
0.36799488,Pa
0.3066624,Pa
0.42932736,Pa
0.52132608,Pa
0.39866112,Pa
3.2199552,Pa
0.39866112,Pa
1.04265216,Pa
0.33732864,Pa
4.96793088,Pa
0.9199872,Pa
1.44131328,Pa
0.3066624,Pa
1.2266496,Pa
0.42932736,Pa
0.9199872,Pa
1.34931456,Pa
0.3066624,Pa
1.6866432,Pa
3.03595776,Pa
0.33732864,Pa
0.70532352,Pa
0.70532352,Pa
4.17060864,Pa
0.73598976,Pa
0.3066624,Pa
0.3066624,Pa
0.3066624,Pa
0.39866112,Pa
7.48256256,Pa
0.39866112,Pa
0.36799488,Pa
1.13465088,Pa
0.3066624,Pa
1.3799808,Pa
1.41064704,Pa
0.3066624,Pa
0.52132608,Pa
0.4599936,Pa
7.94255616,Pa
0.3066624,Pa
0.36799488,Pa
0.70532352,Pa
0.766656,Pa
4.26260736,Pa
0.42932736,Pa
2.72929536,Pa
0.39866112,Pa
10.24252416,Pa
0.52132608,Pa
0.49065984,Pa
1.93197312,Pa
0.33732864,Pa
2.72929536,Pa
1.16531712,Pa
0.3066624,Pa
13.00248576,Pa
1.6866432,Pa
0.33732864,Pa
0.49065984,Pa
0.3066624,Pa
5.70392064,Pa
0.3066624,Pa
0.3066624,Pa
0.4599936,Pa
1.3799808,Pa
0.49065984,Pa
0.36799488,Pa
0.36799488,Pa
0.82798848,Pa
0.33732864,Pa
4.78393344,Pa
2.36130048,Pa
1.6866432,Pa
0.36799488,Pa
0.33732864,Pa
0.82798848,Pa
0.6133248,Pa
0.33732864,Pa
1.59464448,Pa
0.33732864,Pa
0.33732864,Pa
1.71730944,Pa
2.42263296,Pa
0.33732864,Pa
0.33732864,Pa
5.91858432,Pa
10.36518912,Pa
0.33732864,Pa
0.39866112,Pa
2.6066304,Pa
0.3066624,Pa
0.73598976,Pa
2.26930176,Pa
7.94255616,Pa
0.70532352,Pa
1.71730944,Pa
0.70532352,Pa
6.133248,Pa
0.70532352,Pa
0.33732864,Pa
0.39866112,Pa
1.01198592,Pa
0.39866112,Pa
0.36799488,Pa
0.36799488,Pa
3.25062144,Pa
0.64399104,Pa
0.3066624,Pa
0.33732864,Pa
0.33732864,Pa
0.33732864,Pa
0.3066624,Pa
0.64399104,Pa
0.3066624,Pa
0.82798848,Pa
5.33592576,Pa
0.82798848,Pa
0.33732864,Pa
1.34931456,Pa
0.64399104,Pa
0.85865472,Pa
0.58265856,Pa
0.49065984,Pa
1.41064704,Pa
0.3066624,Pa
0.33732864,Pa
0.4599936,Pa
1.25731584,Pa
0.70532352,Pa
0.33732864,Pa
0.36799488,Pa
0.64399104,Pa
0.4599936,Pa
2.33063424,Pa
2.299968,Pa
0.39866112,Pa
2.85196032,Pa
1.25731584,Pa
1.74797568,Pa
0.67465728,Pa
1.59464448,Pa
0.36799488,Pa
0.9199872,Pa
1.3799808,Pa
1.10398464,Pa
0.33732864,Pa
0.6133248,Pa
4.99859712,Pa
0.4599936,Pa
0.36799488,Pa
0.3066624,Pa
2.7599616,Pa
0.42932736,Pa
0.36799488,Pa
0.3066624,Pa
1.74797568,Pa
0.33732864,Pa
0.36799488,Pa
1.31864832,Pa
0.3066624,Pa
0.52132608,Pa
0.67465728,Pa
0.766656,Pa
1.80930816,Pa
0.52132608,Pa
0.3066624,Pa
0.3066624,Pa
0.67465728,Pa
0.67465728,Pa
0.42932736,Pa
3.25062144,Pa
0.6133248,Pa
0.70532352,Pa
0.3066624,Pa
0.3066624,Pa
0.33732864,Pa
0.33732864,Pa
1.2266496,Pa
1.13465088,Pa
17.35709184,Pa
0.33732864,Pa
0.79732224,Pa
1.9933056,Pa
3.18928896,Pa
0.4599936,Pa
0.39866112,Pa
0.36799488,Pa
0.42932736,Pa
1.0733184,Pa
1.41064704,Pa
0.33732864,Pa
0.6133248,Pa
0.33732864,Pa
0.36799488,Pa
0.49065984,Pa
0.33732864,Pa
0.33732864,Pa
5.70392064,Pa
4.599936,Pa
1.28798208,Pa
1.80930816,Pa
0.3066624,Pa
1.9933056,Pa
1.65597696,Pa
0.85865472,Pa
1.65597696,Pa
0.49065984,Pa
4.41593856,Pa
2.299968,Pa
0.3066624,Pa
1.0733184,Pa
1.10398464,Pa
0.49065984,Pa
0.33732864,Pa
0.67465728,Pa
0.95065344,Pa
1.6866432,Pa
0.39866112,Pa
1.16531712,Pa
0.3066624,Pa
0.3066624,Pa
0.73598976,Pa
0.33732864,Pa
2.36130048,Pa
4.63060224,Pa
7.2065664,Pa
0.3066624,Pa
1.74797568,Pa
0.33732864,Pa
0.33732864,Pa
0.67465728,Pa
0.3066624,Pa
0.33732864,Pa
0.67465728,Pa
4.26260736,Pa
0.98131968,Pa
0.39866112,Pa
0.70532352,Pa
2.26930176,Pa
0.3066624,Pa
1.3799808,Pa
0.33732864,Pa
0.3066624,Pa
1.01198592,Pa
0.73598976,Pa
0.39866112,Pa
0.95065344,Pa
0.3066624,Pa
0.36799488,Pa
0.766656,Pa
0.3066624,Pa
0.33732864,Pa
0.766656,Pa
0.6133248,Pa
1.34931456,Pa
1.0733184,Pa
10.91718144,Pa
0.33732864,Pa
1.80930816,Pa
0.33732864,Pa
0.67465728,Pa
0.42932736,Pa
0.3066624,Pa
1.87064064,Pa
0.3066624,Pa
0.3066624,Pa
1.13465088,Pa
0.3066624,Pa
0.3066624,Pa
0.766656,Pa
0.36799488,Pa
1.13465088,Pa
0.3066624,Pa
1.62531072,Pa
0.3066624,Pa
2.42263296,Pa
1.50264576,Pa
0.36799488,Pa
1.62531072,Pa
1.16531712,Pa
1.41064704,Pa
0.82798848,Pa
0.6133248,Pa
0.33732864,Pa
0.36799488,Pa
0.36799488,Pa
2.11597056,Pa
4.23194112,Pa
0.3066624,Pa
0.3066624,Pa
0.3066624,Pa
0.6133248,Pa
0.766656,Pa
0.88932096,Pa
1.16531712,Pa
0.73598976,Pa
0.49065984,Pa
4.1399424,Pa
0.39866112,Pa
0.33732864,Pa
1.13465088,Pa
0.33732864,Pa
0.6133248,Pa
0.33732864,Pa
0.33732864,Pa
1.3799808,Pa
1.01198592,Pa
6.40924416,Pa
0.33732864,Pa
5.45859072,Pa
0.3066624,Pa
5.58125568,Pa
0.3066624,Pa
0.39866112,Pa
3.49595136,Pa
0.39866112,Pa
7.2065664,Pa
2.33063424,Pa
0.70532352,Pa
0.42932736,Pa
2.4532992,Pa
0.64399104,Pa
0.73598976,Pa
1.96263936,Pa
0.49065984,Pa
0.9199872,Pa
0.36799488,Pa
0.39866112,Pa
1.44131328,Pa
0.33732864,Pa
1.01198592,Pa
0.3066624,Pa
0.6133248,Pa
7.17590016,Pa
0.39866112,Pa
0.3066624,Pa
0.73598976,Pa
2.79062784,Pa
4.07860992,Pa
0.3066624,Pa
3.40395264,Pa
6.7465728,Pa
0.98131968,Pa
0.33732864,Pa
0.79732224,Pa
3.89461248,Pa
0.6133248,Pa
0.4599936,Pa
2.05463808,Pa
0.42932736,Pa
0.88932096,Pa
2.94395904,Pa
0.79732224,Pa
0.3066624,Pa
2.85196032,Pa
4.72260096,Pa
2.42263296,Pa
0.33732864,Pa
4.07860992,Pa
0.33732864,Pa
0.39866112,Pa
0.73598976,Pa
0.36799488,Pa
10.97851392,Pa
4.35460608,Pa
3.74128128,Pa
1.71730944,Pa
0.79732224,Pa
0.70532352,Pa
1.10398464,Pa
0.36799488,Pa
3.46528512,Pa
5.27459328,Pa
7.48256256,Pa
2.94395904,Pa
0.766656,Pa
15.05712384,Pa
0.33732864,Pa
2.20796928,Pa
0.49065984,Pa
2.57596416,Pa
3.00529152,Pa
5.09059584,Pa
0.36799488,Pa
0.33732864,Pa
0.33732864,Pa
4.1399424,Pa
1.71730944,Pa
3.49595136,Pa
1.65597696,Pa
0.85865472,Pa
4.1399424,Pa
0.36799488,Pa
0.49065984,Pa
0.3066624,Pa
0.3066624,Pa
0.3066624,Pa
0.70532352,Pa
5.5199232,Pa
0.33732864,Pa
0.55199232,Pa
0.52132608,Pa
0.36799488,Pa
1.25731584,Pa
0.3066624,Pa
0.3066624,Pa
0.3066624,Pa
0.52132608,Pa
1.13465088,Pa
0.36799488,Pa
1.19598336,Pa
0.3066624,Pa
2.23863552,Pa
0.36799488,Pa
0.64399104,Pa
0.85865472,Pa
0.3066624,Pa
2.05463808,Pa
0.95065344,Pa
1.34931456,Pa
0.55199232,Pa
0.3066624,Pa
0.64399104,Pa
0.4599936,Pa
5.70392064,Pa
2.94395904,Pa
0.64399104,Pa
2.05463808,Pa
5.45859072,Pa
11.10117888,Pa
1.19598336,Pa
0.6133248,Pa
0.3066624,Pa
1.90130688,Pa
5.18259456,Pa
0.3066624,Pa
0.36799488,Pa
0.33732864,Pa
0.95065344,Pa
0.33732864,Pa
0.67465728,Pa
1.0733184,Pa
5.48925696,Pa
2.299968,Pa
0.73598976,Pa
0.9199872,Pa
1.47197952,Pa
0.33732864,Pa
0.3066624,Pa
0.39866112,Pa
2.66796288,Pa
1.62531072,Pa
1.04265216,Pa
2.02397184,Pa
1.34931456,Pa
2.79062784,Pa
2.17730304,Pa
1.533312,Pa
1.28798208,Pa
0.3066624,Pa
0.36799488,Pa
2.05463808,Pa
0.4599936,Pa
1.62531072,Pa
0.39866112,Pa
1.44131328,Pa
1.533312,Pa
0.67465728,Pa
0.9199872,Pa
0.4599936,Pa
0.36799488,Pa
0.3066624,Pa
0.3066624,Pa
0.33732864,Pa
0.88932096,Pa
0.70532352,Pa
0.39866112,Pa
2.02397184,Pa
0.85865472,Pa
1.44131328,Pa
0.3066624,Pa
0.70532352,Pa
1.59464448,Pa
3.34262016,Pa
0.64399104,Pa
0.39866112,Pa
2.54529792,Pa
0.98131968,Pa
8.80121088,Pa
0.36799488,Pa
0.4599936,Pa
1.71730944,Pa
1.31864832,Pa
0.3066624,Pa
0.3066624,Pa
3.34262016,Pa
0.33732864,Pa
0.3066624,Pa
0.36799488,Pa
15.7931136,Pa
0.49065984,Pa
0.33732864,Pa
0.3066624,Pa
1.19598336,Pa
1.9933056,Pa
1.65597696,Pa
4.41593856,Pa
1.13465088,Pa
1.77864192,Pa
1.13465088,Pa
0.33732864,Pa
3.09729024,Pa
0.9199872,Pa
24.65565696,Pa
0.82798848,Pa
5.70392064,Pa
1.25731584,Pa
0.36799488,Pa
0.55199232,Pa
0.3066624,Pa
0.3066624,Pa
2.54529792,Pa
5.24392704,Pa
0.70532352,Pa
0.98131968,Pa
0.95065344,Pa
3.46528512,Pa
1.01198592,Pa
0.3066624,Pa
1.34931456,Pa
2.6066304,Pa
1.01198592,Pa
0.9199872,Pa
6.04124928,Pa
2.54529792,Pa
0.3066624,Pa
0.98131968,Pa
0.85865472,Pa
2.17730304,Pa
0.52132608,Pa
0.6133248,Pa
5.6732544,Pa
1.59464448,Pa
0.3066624,Pa
0.3066624,Pa
0.3066624,Pa
1.50264576,Pa
0.33732864,Pa
2.4532992,Pa
0.6133248,Pa
2.11597056,Pa
0.33732864,Pa
1.2266496,Pa
0.4599936,Pa
0.39866112,Pa
0.3066624,Pa
1.28798208,Pa
0.64399104,Pa
2.48396544,Pa
0.3066624,Pa
0.3066624,Pa
0.766656,Pa
3.46528512,Pa
3.55728384,Pa
0.39866112,Pa
0.3066624,Pa
0.49065984,Pa
1.2266496,Pa
0.95065344,Pa
0.42932736,Pa
1.8399744,Pa
1.04265216,Pa
0.39866112,Pa
0.766656,Pa
3.15862272,Pa
0.3066624,Pa
0.33732864,Pa
0.88932096,Pa
1.6866432,Pa
0.39866112,Pa
0.98131968,Pa
2.11597056,Pa
0.39866112,Pa
0.42932736,Pa
0.39866112,Pa
1.80930816,Pa
0.70532352,Pa
1.65597696,Pa
0.3066624,Pa
0.36799488,Pa
0.33732864,Pa
0.36799488,Pa
0.39866112,Pa
0.36799488,Pa
0.73598976,Pa
0.33732864,Pa
0.36799488,Pa
0.36799488,Pa
0.3066624,Pa
4.66126848,Pa
0.33732864,Pa
0.3066624,Pa
0.52132608,Pa
0.3066624,Pa
0.88932096,Pa
0.70532352,Pa
0.3066624,Pa
3.066624,Pa
1.19598336,Pa
1.13465088,Pa
0.33732864,Pa
0.36799488,Pa
1.13465088,Pa
0.3066624,Pa
1.41064704,Pa
0.79732224,Pa
0.3066624,Pa
0.42932736,Pa
1.87064064,Pa
0.3066624,Pa
0.33732864,Pa
0.33732864,Pa
0.3066624,Pa
2.33063424,Pa
2.9132928,Pa
1.80930816,Pa
0.55199232,Pa
0.36799488,Pa
1.6866432,Pa
10.24252416,Pa
0.36799488,Pa
0.98131968,Pa
1.10398464,Pa
1.50264576,Pa
0.73598976,Pa
0.33732864,Pa
0.3066624,Pa
3.83328,Pa
0.33732864,Pa
0.33732864,Pa
0.6133248,Pa
0.9199872,Pa
0.36799488,Pa
1.31864832,Pa
0.33732864,Pa
2.23863552,Pa
0.33732864,Pa
0.9199872,Pa
1.28798208,Pa
1.44131328,Pa
6.65457408,Pa
0.95065344,Pa
1.13465088,Pa
0.39866112,Pa
0.79732224,Pa
2.08530432,Pa
2.23863552,Pa
0.70532352,Pa
0.67465728,Pa
4.20127488,Pa
0.3066624,Pa
0.49065984,Pa
0.39866112,Pa
0.36799488,Pa
1.71730944,Pa
3.95594496,Pa
1.04265216,Pa
1.25731584,Pa
0.3066624,Pa
1.96263936,Pa
1.28798208,Pa
6.93057024,Pa
1.16531712,Pa
0.39866112,Pa
0.67465728,Pa
6.96123648,Pa
1.74797568,Pa
1.6866432,Pa
0.3066624,Pa
1.01198592,Pa
0.70532352,Pa
0.36799488,Pa
2.23863552,Pa
0.9199872,Pa
0.36799488,Pa
22.35568896,Pa
0.39866112,Pa
0.3066624,Pa
3.46528512,Pa
0.3066624,Pa
1.01198592,Pa
0.58265856,Pa
6.22524672,Pa
1.10398464,Pa
8.31055104,Pa
0.67465728,Pa
1.47197952,Pa
4.2932736,Pa
0.33732864,Pa
4.87593216,Pa
0.33732864,Pa
0.73598976,Pa
0.73598976,Pa
0.42932736,Pa
2.08530432,Pa
0.42932736,Pa
1.31864832,Pa
2.20796928,Pa
0.4599936,Pa
0.3066624,Pa
0.3066624,Pa
5.12126208,Pa
5.18259456,Pa
0.33732864,Pa
1.01198592,Pa
1.90130688,Pa
1.19598336,Pa
1.3799808,Pa
1.10398464,Pa
0.95065344,Pa
3.31195392,Pa
0.6133248,Pa
11.59183872,Pa
0.3066624,Pa
1.13465088,Pa
1.19598336,Pa
2.17730304,Pa
0.3066624,Pa
0.98131968,Pa
2.79062784,Pa
1.41064704,Pa
0.4599936,Pa
0.3066624,Pa
0.3066624,Pa
0.33732864,Pa
0.67465728,Pa
1.56397824,Pa
0.33732864,Pa
0.3066624,Pa
2.1466368,Pa
1.41064704,Pa
1.01198592,Pa
0.39866112,Pa
1.10398464,Pa
0.42932736,Pa
1.16531712,Pa
2.02397184,Pa
0.49065984,Pa
0.36799488,Pa
0.49065984,Pa
0.3066624,Pa
1.87064064,Pa
1.19598336,Pa
0.95065344,Pa
2.54529792,Pa
1.34931456,Pa
0.64399104,Pa
0.3066624,Pa
0.64399104,Pa
4.07860992,Pa
0.4599936,Pa
0.36799488,Pa
0.64399104,Pa
0.70532352,Pa
0.36799488,Pa
0.6133248,Pa
0.4599936,Pa
1.6866432,Pa
0.52132608,Pa
0.36799488,Pa
0.36799488,Pa
0.33732864,Pa
1.44131328,Pa
0.33732864,Pa
0.33732864,Pa
0.3066624,Pa
1.28798208,Pa
0.42932736,Pa
4.78393344,Pa
0.3066624,Pa
1.01198592,Pa
2.51463168,Pa
0.3066624,Pa
0.64399104,Pa
0.36799488,Pa
1.16531712,Pa
0.33732864,Pa
1.74797568,Pa
1.28798208,Pa
0.3066624,Pa
0.55199232,Pa
0.33732864,Pa
0.3066624,Pa
2.11597056,Pa
1.50264576,Pa
0.64399104,Pa
1.87064064,Pa
0.33732864,Pa
5.2132608,Pa
0.3066624,Pa
4.1399424,Pa
2.42263296,Pa
0.766656,Pa
0.36799488,Pa
0.3066624,Pa
0.39866112,Pa
0.39866112,Pa
1.87064064,Pa
0.52132608,Pa
0.36799488,Pa
0.85865472,Pa
0.70532352,Pa
6.99190272,Pa
1.13465088,Pa
1.13465088,Pa
1.28798208,Pa
1.50264576,Pa
0.55199232,Pa
0.4599936,Pa
2.72929536,Pa
0.3066624,Pa
0.33732864,Pa
0.6133248,Pa
0.4599936,Pa
0.49065984,Pa
1.34931456,Pa
0.82798848,Pa
0.3066624,Pa
1.19598336,Pa
1.01198592,Pa
0.49065984,Pa
0.4599936,Pa
1.16531712,Pa
0.64399104,Pa
2.57596416,Pa
0.39866112,Pa
2.08530432,Pa
1.3799808,Pa
10.64118528,Pa
1.0733184,Pa
0.88932096,Pa
1.74797568,Pa
0.79732224,Pa
0.73598976,Pa
1.80930816,Pa
0.36799488,Pa
0.36799488,Pa
0.79732224,Pa
3.55728384,Pa
0.3066624,Pa
1.28798208,Pa
0.33732864,Pa
0.33732864,Pa
0.70532352,Pa
0.3066624,Pa
0.3066624,Pa
0.6133248,Pa
2.23863552,Pa
0.73598976,Pa
1.0733184,Pa
4.56926976,Pa
3.71061504,Pa
0.33732864,Pa
0.67465728,Pa
0.33732864,Pa
0.33732864,Pa
0.67465728,Pa
0.70532352,Pa
0.95065344,Pa
0.3066624,Pa
0.73598976,Pa
0.3066624,Pa
1.19598336,Pa
2.11597056,Pa
0.3066624,Pa
0.36799488,Pa
4.7532672,Pa
0.36799488,Pa
4.72260096,Pa
2.05463808,Pa
1.47197952,Pa
0.3066624,Pa
0.52132608,Pa
0.6133248,Pa
0.9199872,Pa
0.9199872,Pa
1.533312,Pa
1.50264576,Pa
0.33732864,Pa
0.33732864,Pa
0.33732864,Pa
5.30525952,Pa
1.2266496,Pa
1.28798208,Pa
0.3066624,Pa
0.3066624,Pa
0.766656,Pa
0.3066624,Pa
0.4599936,Pa
0.33732864,Pa
0.3066624,Pa
0.33732864,Pa
1.3799808,Pa
0.36799488,Pa
0.39866112,Pa
0.3066624,Pa
1.0733184,Pa
0.3066624,Pa
7.85055744,Pa
0.70532352,Pa
0.70532352,Pa
0.3066624,Pa
1.65597696,Pa
0.766656,Pa
1.41064704,Pa
0.3066624,Pa
0.67465728,Pa
0.3066624,Pa
6.31724544,Pa
0.3066624,Pa
1.0733184,Pa
2.11597056,Pa
0.39866112,Pa
0.49065984,Pa
0.70532352,Pa
0.33732864,Pa
2.69862912,Pa
1.41064704,Pa
0.70532352,Pa
0.36799488,Pa
3.49595136,Pa
0.6133248,Pa
0.33732864,Pa
0.39866112,Pa
1.56397824,Pa
0.82798848,Pa
0.3066624,Pa
1.01198592,Pa
0.36799488,Pa
1.28798208,Pa
0.79732224,Pa
3.9866112,Pa
0.42932736,Pa
0.766656,Pa
0.39866112,Pa
0.766656,Pa
0.82798848,Pa
0.3066624,Pa
0.67465728,Pa
0.33732864,Pa
0.88932096,Pa
0.3066624,Pa
2.48396544,Pa
0.52132608,Pa
0.33732864,Pa
0.33732864,Pa
3.00529152,Pa
0.33732864,Pa
0.73598976,Pa
3.18928896,Pa
1.13465088,Pa
2.02397184,Pa
0.33732864,Pa
0.82798848,Pa
0.36799488,Pa
0.3066624,Pa
0.85865472,Pa
0.39866112,Pa
7.63589376,Pa
1.2266496,Pa
0.3066624,Pa
0.3066624,Pa
0.3066624,Pa
0.3066624,Pa
0.82798848,Pa
0.33732864,Pa
0.3066624,Pa
1.59464448,Pa
1.31864832,Pa
0.39866112,Pa
0.36799488,Pa
0.9199872,Pa
0.3066624,Pa
1.28798208,Pa
1.3799808,Pa
1.2266496,Pa
2.48396544,Pa
1.93197312,Pa
0.33732864,Pa
0.70532352,Pa
1.0733184,Pa
0.85865472,Pa
0.3066624,Pa
0.73598976,Pa
0.3066624,Pa
0.3066624,Pa
0.67465728,Pa
4.9065984,Pa
0.3066624,Pa
3.066624,Pa
0.3066624,Pa
1.04265216,Pa
0.3066624,Pa
2.20796928,Pa
3.5266176,Pa
0.6133248,Pa
0.82798848,Pa
0.39866112,Pa
1.10398464,Pa
0.36799488,Pa
0.3066624,Pa
0.3066624,Pa
0.88932096,Pa
0.95065344,Pa
0.36799488,Pa
0.33732864,Pa
0.70532352,Pa
0.33732864,Pa
0.98131968,Pa
0.39866112,Pa
2.05463808,Pa
0.39866112,Pa
1.2266496,Pa
4.69193472,Pa
0.33732864,Pa
0.73598976,Pa
0.49065984,Pa
0.82798848,Pa
0.98131968,Pa
0.73598976,Pa
0.95065344,Pa
0.39866112,Pa
0.98131968,Pa
0.3066624,Pa
2.20796928,Pa
0.67465728,Pa
0.39866112,Pa
0.3066624,Pa
2.26930176,Pa
0.55199232,Pa
0.33732864,Pa
1.16531712,Pa
1.0733184,Pa
0.33732864,Pa
0.3066624,Pa
1.65597696,Pa
0.4599936,Pa
0.4599936,Pa
0.4599936,Pa
1.77864192,Pa
1.13465088,Pa
1.50264576,Pa
0.3066624,Pa
0.766656,Pa
0.3066624,Pa
1.3799808,Pa
0.3066624,Pa
0.49065984,Pa
2.63729664,Pa
0.67465728,Pa
0.42932736,Pa
0.64399104,Pa
1.77864192,Pa
0.36799488,Pa
0.52132608,Pa
0.33732864,Pa
2.23863552,Pa
0.36799488,Pa
0.36799488,Pa
0.36799488,Pa
0.42932736,Pa
0.52132608,Pa
1.19598336,Pa
0.88932096,Pa
6.899904,Pa
0.3066624,Pa
0.88932096,Pa
1.01198592,Pa
0.3066624,Pa
0.3066624,Pa
0.3066624,Pa
0.55199232,Pa
0.3066624,Pa
0.3066624,Pa
0.88932096,Pa
6.2865792,Pa
1.50264576,Pa
0.3066624,Pa
0.4599936,Pa
0.766656,Pa
0.3066624,Pa
0.36799488,Pa
0.33732864,Pa
0.3066624,Pa
0.3066624,Pa
0.36799488,Pa
0.766656,Pa
0.88932096,Pa
2.1466368,Pa
1.65597696,Pa
1.59464448,Pa
0.33732864,Pa
0.98131968,Pa
1.65597696,Pa
3.46528512,Pa
0.9199872,Pa
1.65597696,Pa
1.96263936,Pa
0.73598976,Pa
0.49065984,Pa
1.9933056,Pa
0.67465728,Pa
0.39866112,Pa
0.36799488,Pa
0.36799488,Pa
0.36799488,Pa
0.82798848,Pa
0.36799488,Pa
1.41064704,Pa
0.3066624,Pa
0.33732864,Pa
0.3066624,Pa
0.36799488,Pa
4.4466048,Pa
0.33732864,Pa
0.64399104,Pa
0.6133248,Pa
1.28798208,Pa
0.39866112,Pa
0.39866112,Pa
0.3066624,Pa
0.33732864,Pa
0.3066624,Pa
0.39866112,Pa
0.36799488,Pa
1.28798208,Pa
0.3066624,Pa
0.766656,Pa
0.70532352,Pa
3.55728384,Pa
0.3066624,Pa
0.33732864,Pa
0.3066624,Pa
0.39866112,Pa
1.47197952,Pa
0.42932736,Pa
0.33732864,Pa
1.16531712,Pa
1.10398464,Pa
2.11597056,Pa
0.33732864,Pa
0.79732224,Pa
2.26930176,Pa
0.3066624,Pa
1.93197312,Pa
0.33732864,Pa
11.68383744,Pa
0.36799488,Pa
0.42932736,Pa
0.36799488,Pa
10.76385024,Pa
0.55199232,Pa
2.39196672,Pa
1.50264576,Pa
1.01198592,Pa
0.42932736,Pa
0.3066624,Pa
1.34931456,Pa
0.36799488,Pa
3.2199552,Pa
5.70392064,Pa
0.95065344,Pa
2.54529792,Pa
0.3066624,Pa
0.3066624,Pa
0.36799488,Pa
0.33732864,Pa
3.40395264,Pa
0.3066624,Pa
1.533312,Pa
0.64399104,Pa
0.64399104,Pa
10.30385664,Pa
0.39866112,Pa
0.33732864,Pa
0.3066624,Pa
0.3066624,Pa
0.3066624,Pa
0.82798848,Pa
16.31443968,Pa
0.39866112,Pa
1.10398464,Pa
0.3066624,Pa
0.33732864,Pa
0.3066624,Pa
1.96263936,Pa
0.70532352,Pa
1.90130688,Pa
2.9132928,Pa
5.18259456,Pa
0.49065984,Pa
0.3066624,Pa
0.33732864,Pa
0.3066624,Pa
0.33732864,Pa
0.3066624,Pa
0.52132608,Pa
0.4599936,Pa
0.3066624,Pa
1.44131328,Pa
0.3066624,Pa
0.33732864,Pa
3.066624,Pa
0.3066624,Pa
2.20796928,Pa
0.3066624,Pa
2.1466368,Pa
0.3066624,Pa
3.46528512,Pa
1.3799808,Pa
1.31864832,Pa
0.36799488,Pa
1.2266496,Pa
1.16531712,Pa
0.3066624,Pa
2.88262656,Pa
0.33732864,Pa
1.19598336,Pa
0.36799488,Pa
0.79732224,Pa
0.49065984,Pa
0.3066624,Pa
2.97462528,Pa
1.59464448,Pa
0.79732224,Pa
0.88932096,Pa
0.73598976,Pa
0.82798848,Pa
0.55199232,Pa
1.533312,Pa
0.64399104,Pa
0.9199872,Pa
0.36799488,Pa
1.77864192,Pa
0.36799488,Pa
1.25731584,Pa
0.3066624,Pa
0.33732864,Pa
0.3066624,Pa
0.33732864,Pa
0.42932736,Pa
1.47197952,Pa
0.36799488,Pa
1.0733184,Pa
0.64399104,Pa
0.36799488,Pa
0.3066624,Pa
0.3066624,Pa
0.33732864,Pa
0.52132608,Pa
2.72929536,Pa
0.39866112,Pa
0.98131968,Pa
0.4599936,Pa
0.3066624,Pa
0.73598976,Pa
1.47197952,Pa
0.33732864,Pa
0.58265856,Pa
0.3066624,Pa
0.49065984,Pa
2.7599616,Pa
0.3066624,Pa
2.23863552,Pa
4.07860992,Pa
0.33732864,Pa
2.17730304,Pa
1.62531072,Pa
1.90130688,Pa
4.4466048,Pa
0.36799488,Pa
0.55199232,Pa
0.3066624,Pa
2.11597056,Pa
1.62531072,Pa
0.33732864,Pa
0.73598976,Pa
0.3066624,Pa
3.18928896,Pa
1.90130688,Pa
0.39866112,Pa
0.64399104,Pa
0.39866112,Pa
1.10398464,Pa
0.39866112,Pa
2.11597056,Pa
0.33732864,Pa
1.65597696,Pa
0.49065984,Pa
0.64399104,Pa
0.33732864,Pa
0.42932736,Pa
0.49065984,Pa
0.55199232,Pa
1.59464448,Pa
3.40395264,Pa
1.47197952,Pa
0.36799488,Pa
0.36799488,Pa
1.31864832,Pa
2.48396544,Pa
3.066624,Pa
1.13465088,Pa
0.3066624,Pa
0.3066624,Pa
1.16531712,Pa
2.26930176,Pa
0.33732864,Pa
1.3799808,Pa
0.3066624,Pa
0.3066624,Pa
1.87064064,Pa
0.42932736,Pa
0.33732864,Pa
3.03595776,Pa
0.36799488,Pa
0.3066624,Pa
1.56397824,Pa
0.39866112,Pa
0.3066624,Pa
0.33732864,Pa
0.33732864,Pa
0.39866112,Pa
0.67465728,Pa
0.73598976,Pa
0.766656,Pa
0.36799488,Pa
0.42932736,Pa
0.3066624,Pa
1.9933056,Pa
0.33732864,Pa
1.16531712,Pa
1.01198592,Pa
0.3066624,Pa
0.79732224,Pa
0.3066624,Pa
1.56397824,Pa
0.3066624,Pa
0.3066624,Pa
2.20796928,Pa
3.58795008,Pa
0.3066624,Pa
1.2266496,Pa
0.33732864,Pa
0.3066624,Pa
15.88511232,Pa
0.6133248,Pa
6.71590656,Pa
0.4599936,Pa
1.31864832,Pa
1.533312,Pa
0.70532352,Pa
0.85865472,Pa
0.36799488,Pa
4.63060224,Pa
0.766656,Pa
2.11597056,Pa
18.95173632,Pa
2.97462528,Pa
0.3066624,Pa
0.85865472,Pa
0.42932736,Pa
0.766656,Pa
2.57596416,Pa
0.3066624,Pa
0.39866112,Pa
0.33732864,Pa
4.66126848,Pa
0.88932096,Pa
0.4599936,Pa
1.6866432,Pa
0.67465728,Pa
0.3066624,Pa
1.25731584,Pa
1.74797568,Pa
0.3066624,Pa
4.1399424,Pa
7.0532352,Pa
0.42932736,Pa
1.8399744,Pa
0.4599936,Pa
1.19598336,Pa
0.39866112,Pa
3.89461248,Pa
0.3066624,Pa
0.3066624,Pa
1.8399744,Pa
0.39866112,Pa
0.98131968,Pa
0.4599936,Pa
0.766656,Pa
9.87452928,Pa
1.3799808,Pa
9.99719424,Pa
0.33732864,Pa
0.64399104,Pa
0.3066624,Pa
0.3066624,Pa
12.35849472,Pa
1.2266496,Pa
0.3066624,Pa
0.4599936,Pa
0.6133248,Pa
0.39866112,Pa
0.9199872,Pa
0.33732864,Pa
0.766656,Pa
0.39866112,Pa
1.19598336,Pa
2.23863552,Pa
1.34931456,Pa
0.6133248,Pa
0.98131968,Pa
0.79732224,Pa
1.13465088,Pa
0.33732864,Pa
0.42932736,Pa
2.82129408,Pa
3.83328,Pa
0.88932096,Pa
7.54389504,Pa
1.59464448,Pa
0.64399104,Pa
0.33732864,Pa
0.33732864,Pa
1.47197952,Pa
0.766656,Pa
0.33732864,Pa
1.44131328,Pa
0.3066624,Pa
0.33732864,Pa
0.3066624,Pa
0.33732864,Pa
0.85865472,Pa
0.39866112,Pa
1.0733184,Pa
0.36799488,Pa
5.45859072,Pa
0.6133248,Pa
0.3066624,Pa
2.36130048,Pa
0.3066624,Pa
0.33732864,Pa
0.39866112,Pa
2.63729664,Pa
1.93197312,Pa
0.33732864,Pa
1.04265216,Pa
6.53190912,Pa
0.39866112,Pa
0.33732864,Pa
0.82798848,Pa
0.42932736,Pa
12.8798208,Pa
2.57596416,Pa
0.3066624,Pa
1.62531072,Pa
0.6133248,Pa
0.42932736,Pa
0.52132608,Pa
0.4599936,Pa
1.80930816,Pa
0.95065344,Pa
0.95065344,Pa
2.20796928,Pa
0.3066624,Pa
0.36799488,Pa
0.3066624,Pa
1.0733184,Pa
0.33732864,Pa
1.0733184,Pa
2.33063424,Pa
3.92527872,Pa
0.3066624,Pa
0.85865472,Pa
0.33732864,Pa
0.70532352,Pa
2.1466368,Pa
0.3066624,Pa
3.31195392,Pa
0.3066624,Pa
3.46528512,Pa
0.3066624,Pa
0.3066624,Pa
0.70532352,Pa
0.39866112,Pa
1.2266496,Pa
1.2266496,Pa
0.3066624,Pa
0.9199872,Pa
0.3066624,Pa
0.55199232,Pa
0.3066624,Pa
0.36799488,Pa
0.42932736,Pa
0.3066624,Pa
0.33732864,Pa
0.6133248,Pa
6.4399104,Pa
1.25731584,Pa
0.39866112,Pa
0.64399104,Pa
0.3066624,Pa
0.33732864,Pa
0.33732864,Pa
1.13465088,Pa
0.766656,Pa
0.95065344,Pa
2.299968,Pa
0.33732864,Pa
0.33732864,Pa
0.3066624,Pa
0.98131968,Pa
0.33732864,Pa
0.3066624,Pa
0.3066624,Pa
1.8399744,Pa
0.36799488,Pa
1.80930816,Pa
0.39866112,Pa
0.33732864,Pa
0.3066624,Pa
3.03595776,Pa
4.23194112,Pa
0.55199232,Pa
1.04265216,Pa
0.82798848,Pa
0.49065984,Pa
2.08530432,Pa
0.4599936,Pa
0.33732864,Pa
5.5199232,Pa
3.03595776,Pa
0.88932096,Pa
1.01198592,Pa
0.82798848,Pa
0.4599936,Pa
1.13465088,Pa
4.84526592,Pa
8.37188352,Pa
0.64399104,Pa
0.49065984,Pa
3.64928256,Pa
0.64399104,Pa
0.36799488,Pa
6.65457408,Pa
0.33732864,Pa
1.90130688,Pa
0.3066624,Pa
3.95594496,Pa
0.33732864,Pa
3.3732864,Pa
0.55199232,Pa
0.3066624,Pa
0.98131968,Pa
1.50264576,Pa
0.36799488,Pa
1.28798208,Pa
0.73598976,Pa
0.36799488,Pa
16.28377344,Pa
0.42932736,Pa
1.10398464,Pa
0.36799488,Pa
0.39866112,Pa
0.49065984,Pa
0.3066624,Pa
0.36799488,Pa
0.67465728,Pa
0.9199872,Pa
0.3066624,Pa
0.33732864,Pa
0.33732864,Pa
5.18259456,Pa
0.39866112,Pa
0.95065344,Pa
0.3066624,Pa
0.33732864,Pa
2.54529792,Pa
1.34931456,Pa
0.79732224,Pa
0.36799488,Pa
0.49065984,Pa
0.67465728,Pa
0.33732864,Pa
0.88932096,Pa
0.42932736,Pa
3.9866112,Pa
0.70532352,Pa
1.71730944,Pa
1.9933056,Pa
0.79732224,Pa
3.43461888,Pa
0.36799488,Pa
0.64399104,Pa
1.31864832,Pa
0.39866112,Pa
0.33732864,Pa
1.04265216,Pa
0.33732864,Pa
0.64399104,Pa
0.33732864,Pa
0.73598976,Pa
0.39866112,Pa
0.3066624,Pa
0.39866112,Pa
1.93197312,Pa
0.33732864,Pa
1.13465088,Pa
0.4599936,Pa
0.73598976,Pa
1.19598336,Pa
0.70532352,Pa
0.33732864,Pa
0.70532352,Pa
0.36799488,Pa
5.09059584,Pa
0.73598976,Pa
0.49065984,Pa
0.79732224,Pa
5.30525952,Pa
1.34931456,Pa
1.34931456,Pa
0.39866112,Pa
1.44131328,Pa
1.71730944,Pa
1.6866432,Pa
0.3066624,Pa
1.0733184,Pa
0.58265856,Pa
0.9199872,Pa
0.42932736,Pa
1.19598336,Pa
0.33732864,Pa
0.33732864,Pa
0.33732864,Pa
2.48396544,Pa
1.13465088,Pa
0.4599936,Pa
0.42932736,Pa
0.6133248,Pa
0.36799488,Pa
0.9199872,Pa
0.3066624,Pa
0.88932096,Pa
0.6133248,Pa
0.55199232,Pa
0.6133248,Pa
0.36799488,Pa
0.3066624,Pa
1.0733184,Pa
0.4599936,Pa
0.33732864,Pa
0.33732864,Pa
0.3066624,Pa
1.65597696,Pa
1.80930816,Pa
0.6133248,Pa
1.19598336,Pa
1.50264576,Pa
0.70532352,Pa
0.3066624,Pa
0.3066624,Pa
0.33732864,Pa
1.44131328,Pa
0.3066624,Pa
1.8399744,Pa
0.95065344,Pa
0.766656,Pa
0.3066624,Pa
15.24112128,Pa
0.3066624,Pa
2.17730304,Pa
0.3066624,Pa
1.16531712,Pa
0.39866112,Pa
0.3066624,Pa
0.33732864,Pa
0.82798848,Pa
0.3066624,Pa
0.36799488,Pa
2.85196032,Pa
0.33732864,Pa
0.3066624,Pa
1.19598336,Pa
1.01198592,Pa
0.3066624,Pa
1.74797568,Pa
0.52132608,Pa
2.82129408,Pa
1.41064704,Pa
0.33732864,Pa
3.92527872,Pa
0.33732864,Pa
0.36799488,Pa
0.64399104,Pa
0.36799488,Pa
1.87064064,Pa
0.39866112,Pa
1.2266496,Pa
0.766656,Pa
0.3066624,Pa
6.83857152,Pa
0.3066624,Pa
1.62531072,Pa
0.9199872,Pa
0.64399104,Pa
0.3066624,Pa
0.39866112,Pa
0.82798848,Pa
0.36799488,Pa
0.52132608,Pa
0.88932096,Pa
3.00529152,Pa
1.04265216,Pa
0.82798848,Pa
0.55199232,Pa
0.36799488,Pa
3.066624,Pa
0.82798848,Pa
13.55447808,Pa
2.23863552,Pa
4.01727744,Pa
0.70532352,Pa
0.3066624,Pa
0.39866112,Pa
0.33732864,Pa
0.42932736,Pa
1.28798208,Pa
0.64399104,Pa
0.766656,Pa
0.3066624,Pa
0.73598976,Pa
2.33063424,Pa
0.79732224,Pa
0.49065984,Pa
1.56397824,Pa
1.10398464,Pa
0.42932736,Pa
0.3066624,Pa
0.6133248,Pa
0.79732224,Pa
0.36799488,Pa
1.2266496,Pa
1.44131328,Pa
0.88932096,Pa
1.31864832,Pa
0.9199872,Pa
0.39866112,Pa
0.49065984,Pa
0.3066624,Pa
2.88262656,Pa
0.3066624,Pa
0.33732864,Pa
0.3066624,Pa
0.3066624,Pa
0.3066624,Pa
0.36799488,Pa
0.3066624,Pa
5.39725824,Pa
0.36799488,Pa
0.33732864,Pa
4.87593216,Pa
0.3066624,Pa
2.66796288,Pa
1.59464448,Pa
0.33732864,Pa
0.6133248,Pa
0.39866112,Pa
0.39866112,Pa
0.33732864,Pa
1.19598336,Pa
0.70532352,Pa
0.33732864,Pa
0.42932736,Pa
1.10398464,Pa
0.3066624,Pa
0.33732864,Pa
0.766656,Pa
0.33732864,Pa
4.38527232,Pa
0.39866112,Pa
0.64399104,Pa
3.09729024,Pa
0.36799488,Pa
0.33732864,Pa
0.42932736,Pa
1.59464448,Pa
1.10398464,Pa
3.46528512,Pa
0.73598976,Pa
0.67465728,Pa
1.16531712,Pa
0.3066624,Pa
2.85196032,Pa
1.3799808,Pa
1.13465088,Pa
0.42932736,Pa
1.65597696,Pa
0.39866112,Pa
0.39866112,Pa
1.71730944,Pa
5.366592,Pa
2.63729664,Pa
2.48396544,Pa
0.3066624,Pa
0.73598976,Pa
3.61861632,Pa
0.36799488,Pa
0.33732864,Pa
0.3066624,Pa
0.3066624,Pa
2.23863552,Pa
0.95065344,Pa
2.54529792,Pa
2.08530432,Pa
1.6866432,Pa
1.50264576,Pa
0.33732864,Pa
1.41064704,Pa
0.67465728,Pa
0.3066624,Pa
0.98131968,Pa
4.04794368,Pa
0.82798848,Pa
4.20127488,Pa
1.47197952,Pa
5.55058944,Pa
1.16531712,Pa
1.25731584,Pa
11.0398464,Pa
0.79732224,Pa
6.62390784,Pa
5.15192832,Pa
2.1466368,Pa
0.3066624,Pa
1.04265216,Pa
2.26930176,Pa
0.73598976,Pa
0.49065984,Pa
0.3066624,Pa
0.49065984,Pa
0.42932736,Pa
0.4599936,Pa
0.64399104,Pa
1.9933056,Pa
3.12795648,Pa
1.80930816,Pa
0.33732864,Pa
1.87064064,Pa
0.64399104,Pa
3.5266176,Pa
0.33732864,Pa
0.95065344,Pa
1.31864832,Pa
0.67465728,Pa
0.33732864,Pa
0.70532352,Pa
0.79732224,Pa
7.23723264,Pa
1.04265216,Pa
1.31864832,Pa
0.3066624,Pa
0.36799488,Pa
1.34931456,Pa
1.01198592,Pa
0.33732864,Pa
0.85865472,Pa
0.3066624,Pa
0.3066624,Pa
0.3066624,Pa
0.9199872,Pa
0.67465728,Pa
0.3066624,Pa
2.08530432,Pa
0.3066624,Pa
0.64399104,Pa
0.6133248,Pa
0.49065984,Pa
2.20796928,Pa
1.16531712,Pa
0.36799488,Pa
0.766656,Pa
3.46528512,Pa
0.3066624,Pa
0.39866112,Pa
4.17060864,Pa
0.33732864,Pa
1.74797568,Pa
1.47197952,Pa
0.49065984,Pa
1.62531072,Pa
0.70532352,Pa
0.33732864,Pa
1.47197952,Pa
0.39866112,Pa
0.4599936,Pa
0.3066624,Pa
1.93197312,Pa
0.39866112,Pa
0.88932096,Pa
1.34931456,Pa
0.58265856,Pa
1.28798208,Pa
0.3066624,Pa
0.70532352,Pa
0.98131968,Pa
1.44131328,Pa
0.33732864,Pa
0.36799488,Pa
0.85865472,Pa
0.98131968,Pa
1.3799808,Pa
1.16531712,Pa
0.36799488,Pa
1.25731584,Pa
1.31864832,Pa
0.3066624,Pa
0.82798848,Pa
0.70532352,Pa
0.36799488,Pa
0.36799488,Pa
0.4599936,Pa
1.28798208,Pa
1.31864832,Pa
0.766656,Pa
0.766656,Pa
1.04265216,Pa
0.4599936,Pa
0.3066624,Pa
0.36799488,Pa
0.73598976,Pa
0.64399104,Pa
0.36799488,Pa
0.36799488,Pa
3.09729024,Pa
5.33592576,Pa
1.93197312,Pa
0.39866112,Pa
1.16531712,Pa
1.25731584,Pa
0.58265856,Pa
0.64399104,Pa
0.79732224,Pa
7.88122368,Pa
5.09059584,Pa
0.52132608,Pa
9.56786688,Pa
0.82798848,Pa
0.3066624,Pa
0.39866112,Pa
1.533312,Pa
0.73598976,Pa
0.95065344,Pa
0.33732864,Pa
2.05463808,Pa
0.36799488,Pa
0.4599936,Pa
0.39866112,Pa
5.73458688,Pa
1.01198592,Pa
0.33732864,Pa
0.42932736,Pa
0.3066624,Pa
0.79732224,Pa
1.6866432,Pa
0.42932736,Pa
0.70532352,Pa
0.3066624,Pa
0.55199232,Pa
0.64399104,Pa
1.2266496,Pa
0.33732864,Pa
0.3066624,Pa
0.79732224,Pa
0.70532352,Pa
3.46528512,Pa
0.33732864,Pa
0.39866112,Pa
2.33063424,Pa
0.3066624,Pa
1.28798208,Pa
0.4599936,Pa
0.42932736,Pa
0.39866112,Pa
0.39866112,Pa
0.36799488,Pa
0.82798848,Pa
2.17730304,Pa
3.6799488,Pa
0.79732224,Pa
3.25062144,Pa
0.67465728,Pa
0.73598976,Pa
0.33732864,Pa
1.533312,Pa
0.3066624,Pa
0.3066624,Pa
0.33732864,Pa
1.16531712,Pa
1.31864832,Pa
1.2266496,Pa
1.8399744,Pa
0.70532352,Pa
0.33732864,Pa
3.49595136,Pa
0.766656,Pa
0.3066624,Pa
0.49065984,Pa
1.19598336,Pa
0.3066624,Pa
8.98520832,Pa
0.3066624,Pa
0.95065344,Pa
0.42932736,Pa
0.39866112,Pa
0.33732864,Pa
0.42932736,Pa
0.36799488,Pa
0.33732864,Pa
0.3066624,Pa
0.6133248,Pa
0.73598976,Pa
0.95065344,Pa
3.34262016,Pa
2.54529792,Pa
0.70532352,Pa
5.6732544,Pa
0.52132608,Pa
6.7465728,Pa
0.36799488,Pa
0.39866112,Pa
4.07860992,Pa
0.73598976,Pa
0.33732864,Pa
6.71590656,Pa
0.3066624,Pa
0.766656,Pa
1.01198592,Pa
0.33732864,Pa
0.4599936,Pa
2.57596416,Pa
7.48256256,Pa
0.85865472,Pa
0.73598976,Pa
0.33732864,Pa
0.3066624,Pa
1.01198592,Pa
0.85865472,Pa
0.3066624,Pa
0.85865472,Pa
0.36799488,Pa
0.58265856,Pa
0.3066624,Pa
4.50793728,Pa
0.3066624,Pa
0.36799488,Pa
0.33732864,Pa
0.3066624,Pa
0.70532352,Pa
0.42932736,Pa
0.42932736,Pa
1.2266496,Pa
0.3066624,Pa
0.3066624,Pa
0.39866112,Pa
1.41064704,Pa
4.01727744,Pa
1.16531712,Pa
0.3066624,Pa
0.39866112,Pa
0.70532352,Pa
0.42932736,Pa
0.64399104,Pa
2.05463808,Pa
5.88791808,Pa
0.3066624,Pa
0.88932096,Pa
0.3066624,Pa
0.3066624,Pa
0.39866112,Pa
1.19598336,Pa
0.70532352,Pa
1.2266496,Pa
0.3066624,Pa
2.4532992,Pa
1.93197312,Pa
2.33063424,Pa
1.13465088,Pa
5.6732544,Pa
0.3066624,Pa
0.766656,Pa
0.33732864,Pa
6.77723904,Pa
0.3066624,Pa
0.33732864,Pa
2.57596416,Pa
0.3066624,Pa
0.64399104,Pa
0.3066624,Pa
0.6133248,Pa
3.6799488,Pa
0.3066624,Pa
2.48396544,Pa
0.6133248,Pa
3.2199552,Pa
0.3066624,Pa
2.63729664,Pa
0.3066624,Pa
1.41064704,Pa
0.79732224,Pa
2.6066304,Pa
0.98131968,Pa
0.36799488,Pa
2.9132928,Pa
1.65597696,Pa
0.73598976,Pa
0.33732864,Pa
0.33732864,Pa
3.71061504,Pa
0.3066624,Pa
0.33732864,Pa
0.33732864,Pa
2.7599616,Pa
0.39866112,Pa
6.34791168,Pa
0.3066624,Pa
0.73598976,Pa
6.133248,Pa
0.766656,Pa
0.39866112,Pa
0.33732864,Pa
0.82798848,Pa
0.33732864,Pa
0.98131968,Pa
0.49065984,Pa
0.33732864,Pa
1.2266496,Pa
0.70532352,Pa
3.58795008,Pa
1.10398464,Pa
0.82798848,Pa
1.6866432,Pa
11.22384384,Pa
5.45859072,Pa
0.88932096,Pa
0.36799488,Pa
1.2266496,Pa
1.65597696,Pa
2.82129408,Pa
23.39834112,Pa
5.61192192,Pa
0.70532352,Pa
0.67465728,Pa
0.3066624,Pa
0.36799488,Pa
0.36799488,Pa
0.67465728,Pa
5.0599296,Pa
0.3066624,Pa
0.39866112,Pa
1.96263936,Pa
2.299968,Pa
0.67465728,Pa
1.10398464,Pa
0.52132608,Pa
0.4599936,Pa
0.39866112,Pa
0.49065984,Pa
0.95065344,Pa
0.9199872,Pa
1.25731584,Pa
0.33732864,Pa
1.13465088,Pa
6.10258176,Pa
2.08530432,Pa
3.18928896,Pa
1.90130688,Pa
0.67465728,Pa
1.0733184,Pa
1.13465088,Pa
0.70532352,Pa
0.88932096,Pa
0.36799488,Pa
0.85865472,Pa
1.19598336,Pa
0.4599936,Pa
0.36799488,Pa
0.3066624,Pa
1.0733184,Pa
0.6133248,Pa
0.39866112,Pa
1.13465088,Pa
0.33732864,Pa
1.93197312,Pa
0.33732864,Pa
0.33732864,Pa
0.33732864,Pa
1.16531712,Pa
0.39866112,Pa
0.36799488,Pa
0.70532352,Pa
1.59464448,Pa
0.85865472,Pa
0.70532352,Pa
0.6133248,Pa
0.3066624,Pa
0.3066624,Pa
0.3066624,Pa
0.3066624,Pa
1.28798208,Pa
0.33732864,Pa
1.3799808,Pa
0.3066624,Pa
0.3066624,Pa
0.36799488,Pa
0.3066624,Pa
0.39866112,Pa
0.33732864,Pa
0.39866112,Pa
1.01198592,Pa
2.82129408,Pa
3.46528512,Pa
0.3066624,Pa
0.33732864,Pa
1.10398464,Pa
0.3066624,Pa
0.3066624,Pa
0.3066624,Pa
0.36799488,Pa
0.58265856,Pa
0.3066624,Pa
0.766656,Pa
0.3066624,Pa
2.72929536,Pa
1.6866432,Pa
0.64399104,Pa
17.11176192,Pa
0.36799488,Pa
0.766656,Pa
13.00248576,Pa
0.3066624,Pa
0.39866112,Pa
0.42932736,Pa
1.56397824,Pa
0.4599936,Pa
0.3066624,Pa
0.33732864,Pa
0.49065984,Pa
3.09729024,Pa
0.49065984,Pa
0.88932096,Pa
5.39725824,Pa
0.3066624,Pa
3.64928256,Pa
0.33732864,Pa
0.3066624,Pa
0.33732864,Pa
1.80930816,Pa
0.36799488,Pa
0.3066624,Pa
0.39866112,Pa
0.36799488,Pa
2.88262656,Pa
0.36799488,Pa
4.20127488,Pa
0.36799488,Pa
2.33063424,Pa
0.95065344,Pa
0.70532352,Pa
0.73598976,Pa
0.42932736,Pa
0.79732224,Pa
0.9199872,Pa
1.31864832,Pa
0.39866112,Pa
1.74797568,Pa
0.36799488,Pa
1.01198592,Pa
0.39866112,Pa
2.299968,Pa
0.42932736,Pa
0.33732864,Pa
0.3066624,Pa
0.3066624,Pa
0.4599936,Pa
0.95065344,Pa
0.36799488,Pa
0.3066624,Pa
0.3066624,Pa
0.39866112,Pa
0.33732864,Pa
1.19598336,Pa
0.70532352,Pa
3.46528512,Pa
2.17730304,Pa
1.13465088,Pa
0.58265856,Pa
0.6133248,Pa
0.82798848,Pa
0.52132608,Pa
0.33732864,Pa
1.16531712,Pa
0.36799488,Pa
12.23582976,Pa
0.33732864,Pa
1.0733184,Pa
0.73598976,Pa
1.34931456,Pa
0.33732864,Pa
0.39866112,Pa
0.36799488,Pa
3.55728384,Pa
1.8399744,Pa
0.33732864,Pa
0.9199872,Pa
3.5266176,Pa
0.3066624,Pa
1.41064704,Pa
0.82798848,Pa
0.33732864,Pa
0.6133248,Pa
9.16920576,Pa
0.33732864,Pa
0.42932736,Pa
4.9065984,Pa
2.26930176,Pa
0.766656,Pa
3.2199552,Pa
4.63060224,Pa
1.28798208,Pa
0.42932736,Pa
0.3066624,Pa
0.33732864,Pa
1.04265216,Pa
0.67465728,Pa
2.72929536,Pa
0.36799488,Pa
2.97462528,Pa
3.31195392,Pa
2.23863552,Pa
0.67465728,Pa
1.3799808,Pa
0.4599936,Pa
1.50264576,Pa
1.16531712,Pa
0.33732864,Pa
0.3066624,Pa
0.33732864,Pa
0.95065344,Pa
0.42932736,Pa
0.4599936,Pa
0.42932736,Pa
0.39866112,Pa
0.33732864,Pa
2.82129408,Pa
0.98131968,Pa
4.47727104,Pa
0.4599936,Pa
0.3066624,Pa
1.2266496,Pa
0.36799488,Pa
0.4599936,Pa
0.3066624,Pa
0.64399104,Pa
0.4599936,Pa
1.31864832,Pa
0.36799488,Pa
0.3066624,Pa
0.3066624,Pa
0.3066624,Pa
1.19598336,Pa
0.3066624,Pa
3.49595136,Pa
2.17730304,Pa
1.65597696,Pa
0.33732864,Pa
1.90130688,Pa
1.01198592,Pa
2.69862912,Pa
1.65597696,Pa
1.25731584,Pa
1.34931456,Pa
1.87064064,Pa
0.3066624,Pa
2.36130048,Pa
0.79732224,Pa
0.42932736,Pa
2.42263296,Pa
0.98131968,Pa
1.16531712,Pa
0.3066624,Pa
0.49065984,Pa
0.39866112,Pa
0.95065344,Pa
0.3066624,Pa
3.80261376,Pa
0.33732864,Pa
1.50264576,Pa
0.33732864,Pa
0.3066624,Pa
0.3066624,Pa
0.33732864,Pa
1.41064704,Pa
0.3066624,Pa
0.88932096,Pa
0.766656,Pa
0.33732864,Pa
0.3066624,Pa
1.65597696,Pa
2.72929536,Pa
0.98131968,Pa
0.49065984,Pa
1.31864832,Pa
0.3066624,Pa
0.3066624,Pa
0.33732864,Pa
1.533312,Pa
2.88262656,Pa
2.26930176,Pa
0.3066624,Pa
0.33732864,Pa
0.79732224,Pa
8.5865472,Pa
0.79732224,Pa
2.54529792,Pa
5.366592,Pa
1.01198592,Pa
0.36799488,Pa
0.33732864,Pa
0.3066624,Pa
0.73598976,Pa
0.33732864,Pa
11.37717504,Pa
0.36799488,Pa
1.47197952,Pa
0.33732864,Pa
3.64928256,Pa
2.51463168,Pa
0.3066624,Pa
0.85865472,Pa
0.64399104,Pa
0.3066624,Pa
1.2266496,Pa
1.44131328,Pa
2.42263296,Pa
0.39866112,Pa
1.25731584,Pa
0.33732864,Pa
1.04265216,Pa
1.31864832,Pa
0.64399104,Pa
0.3066624,Pa
0.42932736,Pa
17.66375424,Pa
0.36799488,Pa
0.36799488,Pa
1.10398464,Pa
0.33732864,Pa
0.39866112,Pa
1.77864192,Pa
0.33732864,Pa
0.3066624,Pa
4.41593856,Pa
0.33732864,Pa
0.3066624,Pa
0.4599936,Pa
0.3066624,Pa
1.56397824,Pa
0.39866112,Pa
0.33732864,Pa
1.56397824,Pa
0.39866112,Pa
0.36799488,Pa
2.33063424,Pa
1.3799808,Pa
1.74797568,Pa
0.3066624,Pa
4.81459968,Pa
0.3066624,Pa
2.02397184,Pa
0.42932736,Pa
0.88932096,Pa
0.79732224,Pa
1.44131328,Pa
6.65457408,Pa
1.01198592,Pa
1.8399744,Pa
0.4599936,Pa
0.3066624,Pa
0.36799488,Pa
2.299968,Pa
0.3066624,Pa
0.73598976,Pa
0.85865472,Pa
0.49065984,Pa
1.28798208,Pa
10.02786048,Pa
1.04265216,Pa
1.13465088,Pa
0.3066624,Pa
0.3066624,Pa
0.73598976,Pa
3.00529152,Pa
1.77864192,Pa
5.58125568,Pa
3.55728384,Pa
1.04265216,Pa
0.36799488,Pa
4.50793728,Pa
0.73598976,Pa
0.3066624,Pa
0.3066624,Pa
0.3066624,Pa
0.4599936,Pa
0.36799488,Pa
1.8399744,Pa
0.3066624,Pa
2.6066304,Pa
8.433216,Pa
0.36799488,Pa
8.18788608,Pa
0.73598976,Pa
0.33732864,Pa
0.42932736,Pa
0.33732864,Pa
1.04265216,Pa
0.3066624,Pa
0.3066624,Pa
0.33732864,Pa
0.3066624,Pa
1.77864192,Pa
1.93197312,Pa
0.33732864,Pa
0.70532352,Pa
0.33732864,Pa
0.98131968,Pa
0.3066624,Pa
0.3066624,Pa
0.33732864,Pa
0.3066624,Pa
0.33732864,Pa
0.49065984,Pa
0.36799488,Pa
0.33732864,Pa
0.39866112,Pa
0.36799488,Pa
0.64399104,Pa
0.4599936,Pa
0.39866112,Pa
0.64399104,Pa
1.6866432,Pa
0.3066624,Pa
7.17590016,Pa
0.3066624,Pa
0.33732864,Pa
1.2266496,Pa
0.36799488,Pa
0.4599936,Pa
0.3066624,Pa
0.4599936,Pa
3.9866112,Pa
0.3066624,Pa
0.3066624,Pa
0.3066624,Pa
0.33732864,Pa
1.96263936,Pa
0.33732864,Pa
0.67465728,Pa
0.3066624,Pa
0.98131968,Pa
3.49595136,Pa
4.10927616,Pa
4.53860352,Pa
0.3066624,Pa
1.90130688,Pa
0.36799488,Pa
1.0733184,Pa
0.58265856,Pa
0.3066624,Pa
0.70532352,Pa
5.73458688,Pa
0.39866112,Pa
1.28798208,Pa
5.30525952,Pa
0.36799488,Pa
0.3066624,Pa
3.77194752,Pa
1.31864832,Pa
0.3066624,Pa
1.65597696,Pa
0.39866112,Pa
0.70532352,Pa
4.7532672,Pa
2.17730304,Pa
0.95065344,Pa
1.87064064,Pa
0.3066624,Pa
0.39866112,Pa
0.33732864,Pa
1.59464448,Pa
2.20796928,Pa
4.32393984,Pa
0.36799488,Pa
3.3732864,Pa
0.39866112,Pa
0.3066624,Pa
1.28798208,Pa
0.33732864,Pa
0.3066624,Pa
1.25731584,Pa
0.4599936,Pa
0.52132608,Pa
6.899904,Pa
7.11456768,Pa
0.33732864,Pa
0.36799488,Pa
3.71061504,Pa
0.36799488,Pa
0.73598976,Pa
0.98131968,Pa
2.72929536,Pa
3.2199552,Pa
0.33732864,Pa
1.04265216,Pa
0.6133248,Pa
0.33732864,Pa
1.2266496,Pa
2.05463808,Pa
1.28798208,Pa
0.73598976,Pa
0.64399104,Pa
4.96793088,Pa
1.62531072,Pa
0.3066624,Pa
1.28798208,Pa
0.9199872,Pa
0.3066624,Pa
0.39866112,Pa
0.3066624,Pa
2.36130048,Pa
0.95065344,Pa
0.58265856,Pa
1.74797568,Pa
0.3066624,Pa
1.6866432,Pa
0.36799488,Pa
0.3066624,Pa
0.36799488,Pa
6.96123648,Pa
0.36799488,Pa
0.3066624,Pa
0.67465728,Pa
0.39866112,Pa
0.3066624,Pa
1.10398464,Pa
1.13465088,Pa
1.74797568,Pa
0.42932736,Pa
0.33732864,Pa
0.33732864,Pa
2.02397184,Pa
0.36799488,Pa
5.0599296,Pa
0.4599936,Pa
7.11456768,Pa
0.39866112,Pa
1.90130688,Pa
2.05463808,Pa
0.33732864,Pa
0.73598976,Pa
0.55199232,Pa
0.4599936,Pa
1.10398464,Pa
0.3066624,Pa
0.3066624,Pa
0.33732864,Pa
0.67465728,Pa
1.01198592,Pa
0.3066624,Pa
0.39866112,Pa
0.3066624,Pa
3.40395264,Pa
0.67465728,Pa
0.3066624,Pa
0.55199232,Pa
1.74797568,Pa
0.3066624,Pa
3.77194752,Pa
0.82798848,Pa
0.88932096,Pa
2.23863552,Pa
0.33732864,Pa
0.49065984,Pa
2.42263296,Pa
0.58265856,Pa
1.2266496,Pa
0.67465728,Pa
5.27459328,Pa
0.39866112,Pa
0.39866112,Pa
0.3066624,Pa
0.36799488,Pa
1.8399744,Pa
0.3066624,Pa
0.73598976,Pa
0.42932736,Pa
0.36799488,Pa
5.58125568,Pa
1.34931456,Pa
0.33732864,Pa
0.98131968,Pa
0.33732864,Pa
1.2266496,Pa
0.52132608,Pa
1.3799808,Pa
0.39866112,Pa
0.79732224,Pa
0.82798848,Pa
1.533312,Pa
3.43461888,Pa
1.34931456,Pa
0.33732864,Pa
15.36378624,Pa
0.36799488,Pa
0.4599936,Pa
0.42932736,Pa
0.73598976,Pa
0.36799488,Pa
5.0599296,Pa
0.39866112,Pa
1.04265216,Pa
0.36799488,Pa
3.09729024,Pa
0.3066624,Pa
1.59464448,Pa
3.55728384,Pa
4.07860992,Pa
4.50793728,Pa
0.64399104,Pa
0.33732864,Pa
1.28798208,Pa
0.3066624,Pa
1.96263936,Pa
1.31864832,Pa
10.91718144,Pa
0.33732864,Pa
4.69193472,Pa
0.98131968,Pa
0.3066624,Pa
2.05463808,Pa
0.73598976,Pa
1.31864832,Pa
0.3066624,Pa
0.3066624,Pa
0.64399104,Pa
1.62531072,Pa
0.88932096,Pa
0.4599936,Pa
0.3066624,Pa
0.33732864,Pa
1.41064704,Pa
0.33732864,Pa
0.3066624,Pa
0.36799488,Pa
0.33732864,Pa
0.3066624,Pa
0.64399104,Pa
0.33732864,Pa
3.83328,Pa
0.3066624,Pa
2.299968,Pa
0.3066624,Pa
0.3066624,Pa
0.33732864,Pa
2.63729664,Pa
0.33732864,Pa
0.39866112,Pa
0.33732864,Pa
0.4599936,Pa
0.3066624,Pa
0.64399104,Pa
0.73598976,Pa
0.33732864,Pa
1.65597696,Pa
0.36799488,Pa
1.62531072,Pa
0.67465728,Pa
0.3066624,Pa
2.02397184,Pa
1.19598336,Pa
0.3066624,Pa
0.39866112,Pa
0.36799488,Pa
0.79732224,Pa
0.42932736,Pa
0.95065344,Pa
0.3066624,Pa
1.34931456,Pa
0.33732864,Pa
5.73458688,Pa
0.39866112,Pa
0.36799488,Pa
0.36799488,Pa
1.87064064,Pa
0.33732864,Pa
1.62531072,Pa
0.85865472,Pa
0.39866112,Pa
4.47727104,Pa
1.13465088,Pa
0.73598976,Pa
0.3066624,Pa
1.2266496,Pa
0.3066624,Pa
0.33732864,Pa
0.33732864,Pa
0.36799488,Pa
0.36799488,Pa
0.36799488,Pa
0.3066624,Pa
4.96793088,Pa
4.38527232,Pa
1.13465088,Pa
0.3066624,Pa
0.64399104,Pa
0.36799488,Pa
0.36799488,Pa
0.64399104,Pa
0.33732864,Pa
0.39866112,Pa
0.85865472,Pa
0.39866112,Pa
0.79732224,Pa
0.3066624,Pa
0.33732864,Pa
0.4599936,Pa
1.71730944,Pa
0.79732224,Pa
1.34931456,Pa
0.3066624,Pa
1.41064704,Pa
0.36799488,Pa
0.36799488,Pa
1.47197952,Pa
0.55199232,Pa
1.2266496,Pa
0.70532352,Pa
1.2266496,Pa
1.04265216,Pa
0.67465728,Pa
1.28798208,Pa
1.01198592,Pa
0.3066624,Pa
6.04124928,Pa
0.33732864,Pa
3.5266176,Pa
1.50264576,Pa
0.36799488,Pa
0.33732864,Pa
1.96263936,Pa
0.3066624,Pa
2.23863552,Pa
0.64399104,Pa
1.0733184,Pa
7.63589376,Pa
0.36799488,Pa
0.3066624,Pa
0.3066624,Pa
0.52132608,Pa
3.15862272,Pa
0.6133248,Pa
0.3066624,Pa
2.20796928,Pa
2.66796288,Pa
1.8399744,Pa
1.74797568,Pa
5.30525952,Pa
0.33732864,Pa
2.79062784,Pa
2.79062784,Pa
0.6133248,Pa
0.33732864,Pa
0.33732864,Pa
0.3066624,Pa
0.3066624,Pa
0.3066624,Pa
0.79732224,Pa
0.3066624,Pa
2.72929536,Pa
0.3066624,Pa
2.48396544,Pa
0.3066624,Pa
0.85865472,Pa
0.33732864,Pa
1.74797568,Pa
1.59464448,Pa
0.33732864,Pa
0.82798848,Pa
1.80930816,Pa
1.13465088,Pa
3.80261376,Pa
1.01198592,Pa
0.36799488,Pa
1.65597696,Pa
1.31864832,Pa
3.86394624,Pa
0.33732864,Pa
0.33732864,Pa
0.67465728,Pa
0.3066624,Pa
0.70532352,Pa
0.766656,Pa
1.74797568,Pa
0.3066624,Pa
1.74797568,Pa
4.2932736,Pa
16.19177472,Pa
0.98131968,Pa
0.39866112,Pa
0.3066624,Pa
4.9065984,Pa
0.73598976,Pa
0.3066624,Pa
0.73598976,Pa
0.33732864,Pa
2.08530432,Pa
8.55588096,Pa
1.59464448,Pa
0.49065984,Pa
0.33732864,Pa
0.73598976,Pa
0.33732864,Pa
1.34931456,Pa
0.64399104,Pa
0.39866112,Pa
0.33732864,Pa
0.73598976,Pa
1.0733184,Pa
1.6866432,Pa
2.11597056,Pa
1.10398464,Pa
3.34262016,Pa
0.70532352,Pa
1.19598336,Pa
1.56397824,Pa
3.92527872,Pa
0.33732864,Pa
0.33732864,Pa
0.49065984,Pa
0.3066624,Pa
0.9199872,Pa
0.88932096,Pa
0.3066624,Pa
0.3066624,Pa
1.2266496,Pa
0.3066624,Pa
0.3066624,Pa
0.33732864,Pa
0.33732864,Pa
0.3066624,Pa
0.33732864,Pa
0.3066624,Pa
0.70532352,Pa
0.9199872,Pa
2.05463808,Pa
0.3066624,Pa
6.04124928,Pa
2.23863552,Pa
5.88791808,Pa
0.3066624,Pa
1.28798208,Pa
0.36799488,Pa
0.36799488,Pa
3.15862272,Pa
1.0733184,Pa
0.33732864,Pa
0.3066624,Pa
1.47197952,Pa
0.42932736,Pa
0.33732864,Pa
0.82798848,Pa
0.64399104,Pa
0.36799488,Pa
0.766656,Pa
2.299968,Pa
2.08530432,Pa
1.44131328,Pa
0.88932096,Pa
0.39866112,Pa
0.42932736,Pa
1.01198592,Pa
0.67465728,Pa
1.96263936,Pa
0.3066624,Pa
0.33732864,Pa
5.12126208,Pa
0.3066624,Pa
0.33732864,Pa
6.133248,Pa
3.5266176,Pa
0.39866112,Pa
0.42932736,Pa
0.33732864,Pa
0.9199872,Pa
0.64399104,Pa
1.2266496,Pa
0.4599936,Pa
1.44131328,Pa
1.62531072,Pa
0.36799488,Pa
0.36799488,Pa
0.55199232,Pa
0.82798848,Pa
2.63729664,Pa
3.3732864,Pa
0.33732864,Pa
0.766656,Pa
3.5266176,Pa
0.3066624,Pa
0.33732864,Pa
0.33732864,Pa
0.33732864,Pa
2.88262656,Pa
0.79732224,Pa
0.3066624,Pa
0.73598976,Pa
1.16531712,Pa
0.42932736,Pa
0.6133248,Pa
0.3066624,Pa
0.82798848,Pa
0.3066624,Pa
3.86394624,Pa
10.15052544,Pa
0.88932096,Pa
2.05463808,Pa
0.3066624,Pa
4.17060864,Pa
2.51463168,Pa
0.36799488,Pa
0.3066624,Pa
0.49065984,Pa
0.33732864,Pa
0.49065984,Pa
0.42932736,Pa
0.73598976,Pa
0.39866112,Pa
0.33732864,Pa
0.33732864,Pa
0.49065984,Pa
1.2266496,Pa
0.33732864,Pa
0.33732864,Pa
1.6866432,Pa
1.50264576,Pa
2.6066304,Pa
0.39866112,Pa
0.6133248,Pa
0.33732864,Pa
0.3066624,Pa
0.36799488,Pa
0.33732864,Pa
0.3066624,Pa
0.4599936,Pa
0.3066624,Pa
0.33732864,Pa
1.0733184,Pa
4.17060864,Pa
0.39866112,Pa
0.3066624,Pa
1.34931456,Pa
1.44131328,Pa
0.39866112,Pa
0.33732864,Pa
5.09059584,Pa
0.70532352,Pa
0.39866112,Pa
0.33732864,Pa
3.25062144,Pa
0.79732224,Pa
0.36799488,Pa
0.33732864,Pa
0.33732864,Pa
0.88932096,Pa
0.39866112,Pa
0.36799488,Pa
0.33732864,Pa
0.42932736,Pa
0.70532352,Pa
0.42932736,Pa
0.42932736,Pa
0.36799488,Pa
3.77194752,Pa
0.3066624,Pa
0.39866112,Pa
0.33732864,Pa
1.533312,Pa
1.2266496,Pa
1.44131328,Pa
0.33732864,Pa
0.9199872,Pa
0.3066624,Pa
8.03455488,Pa
0.3066624,Pa
0.39866112,Pa
4.50793728,Pa
0.3066624,Pa
2.72929536,Pa
1.93197312,Pa
1.44131328,Pa
3.2199552,Pa
0.36799488,Pa
0.766656,Pa
0.3066624,Pa
0.73598976,Pa
5.79591936,Pa
0.33732864,Pa
0.3066624,Pa
0.3066624,Pa
0.3066624,Pa
0.79732224,Pa
1.2266496,Pa
4.07860992,Pa
1.41064704,Pa
0.36799488,Pa
0.73598976,Pa
0.73598976,Pa
4.23194112,Pa
0.33732864,Pa
0.3066624,Pa
1.34931456,Pa
1.34931456,Pa
0.39866112,Pa
0.3066624,Pa
4.01727744,Pa
0.95065344,Pa
0.49065984,Pa
0.3066624,Pa
3.80261376,Pa
0.33732864,Pa
0.33732864,Pa
1.93197312,Pa
0.3066624,Pa
1.34931456,Pa
0.33732864,Pa
1.01198592,Pa
1.87064064,Pa
1.3799808,Pa
0.6133248,Pa
1.65597696,Pa
0.33732864,Pa
0.52132608,Pa
0.4599936,Pa
1.533312,Pa
0.6133248,Pa
2.17730304,Pa
0.33732864,Pa
0.73598976,Pa
0.3066624,Pa
1.04265216,Pa
0.36799488,Pa
1.6866432,Pa
0.36799488,Pa
3.80261376,Pa
1.0733184,Pa
6.77723904,Pa
0.67465728,Pa
0.73598976,Pa
0.79732224,Pa
0.49065984,Pa
0.33732864,Pa
0.67465728,Pa
2.26930176,Pa
1.16531712,Pa
1.16531712,Pa
1.533312,Pa
1.59464448,Pa
0.52132608,Pa
0.70532352,Pa
0.4599936,Pa
0.3066624,Pa
1.47197952,Pa
0.4599936,Pa
0.36799488,Pa
0.79732224,Pa
4.23194112,Pa
3.64928256,Pa
3.43461888,Pa
1.6866432,Pa
0.33732864,Pa
1.44131328,Pa
1.16531712,Pa
0.36799488,Pa
0.42932736,Pa
0.6133248,Pa
0.70532352,Pa
0.33732864,Pa
0.3066624,Pa
1.56397824,Pa
9.26120448,Pa
1.25731584,Pa
0.3066624,Pa
0.33732864,Pa
0.3066624,Pa
0.36799488,Pa
0.49065984,Pa
2.02397184,Pa
0.33732864,Pa
0.3066624,Pa
0.3066624,Pa
0.39866112,Pa
0.4599936,Pa
0.33732864,Pa
0.42932736,Pa
0.3066624,Pa
0.3066624,Pa
0.39866112,Pa
0.3066624,Pa
1.04265216,Pa
0.49065984,Pa
1.50264576,Pa
1.28798208,Pa
0.3066624,Pa
0.36799488,Pa
0.33732864,Pa
0.33732864,Pa
1.13465088,Pa
0.3066624,Pa
0.58265856,Pa
3.15862272,Pa
1.44131328,Pa
0.3066624,Pa
1.44131328,Pa
3.12795648,Pa
0.49065984,Pa
0.9199872,Pa
0.70532352,Pa
0.39866112,Pa
6.37857792,Pa
1.04265216,Pa
0.64399104,Pa
0.39866112,Pa
1.41064704,Pa
0.3066624,Pa
0.39866112,Pa
0.3066624,Pa
6.2865792,Pa
0.33732864,Pa
1.2266496,Pa
0.88932096,Pa
3.61861632,Pa
0.3066624,Pa
1.41064704,Pa
0.36799488,Pa
2.94395904,Pa
0.70532352,Pa
0.3066624,Pa
0.3066624,Pa
0.766656,Pa
0.49065984,Pa
0.39866112,Pa
0.3066624,Pa
0.64399104,Pa
0.36799488,Pa
0.33732864,Pa
1.34931456,Pa
1.2266496,Pa
0.36799488,Pa
1.3799808,Pa
0.9199872,Pa
1.74797568,Pa
0.42932736,Pa
0.33732864,Pa
0.33732864,Pa
0.39866112,Pa
0.766656,Pa
0.36799488,Pa
0.42932736,Pa
0.33732864,Pa
0.58265856,Pa
0.3066624,Pa
0.39866112,Pa
0.36799488,Pa
0.36799488,Pa
0.6133248,Pa
0.6133248,Pa
0.64399104,Pa
0.3066624,Pa
0.42932736,Pa
0.33732864,Pa
0.82798848,Pa
0.73598976,Pa
0.64399104,Pa
0.3066624,Pa
2.17730304,Pa
2.42263296,Pa
0.3066624,Pa
0.95065344,Pa
0.82798848,Pa
0.36799488,Pa
2.08530432,Pa
0.3066624,Pa
0.3066624,Pa
0.39866112,Pa
0.3066624,Pa
0.36799488,Pa
0.3066624,Pa
0.39866112,Pa
3.92527872,Pa
0.42932736,Pa
1.65597696,Pa
0.3066624,Pa
2.57596416,Pa
0.3066624,Pa
0.64399104,Pa
0.36799488,Pa
0.3066624,Pa
0.73598976,Pa
0.39866112,Pa
0.9199872,Pa
0.33732864,Pa
8.1265536,Pa
0.64399104,Pa
0.33732864,Pa
0.3066624,Pa
1.0733184,Pa
0.52132608,Pa
4.26260736,Pa
3.066624,Pa
0.88932096,Pa
2.94395904,Pa
0.33732864,Pa
0.9199872,Pa
0.36799488,Pa
0.3066624,Pa
0.3066624,Pa
2.54529792,Pa
2.33063424,Pa
0.6133248,Pa
0.3066624,Pa
0.4599936,Pa
0.6133248,Pa
1.04265216,Pa
0.4599936,Pa
0.33732864,Pa
0.88932096,Pa
2.69862912,Pa
1.41064704,Pa
2.66796288,Pa
2.51463168,Pa
1.44131328,Pa
0.33732864,Pa
0.3066624,Pa
0.4599936,Pa
0.33732864,Pa
0.33732864,Pa
0.36799488,Pa
2.02397184,Pa
0.85865472,Pa
4.10927616,Pa
0.36799488,Pa
0.33732864,Pa
0.3066624,Pa
0.33732864,Pa
1.19598336,Pa
0.3066624,Pa
0.67465728,Pa
0.79732224,Pa
2.23863552,Pa
1.50264576,Pa
0.3066624,Pa
0.33732864,Pa
0.33732864,Pa
0.79732224,Pa
1.01198592,Pa
0.98131968,Pa
0.3066624,Pa
0.3066624,Pa
0.33732864,Pa
0.36799488,Pa
0.73598976,Pa
3.43461888,Pa
3.55728384,Pa
0.3066624,Pa
0.39866112,Pa
0.3066624,Pa
1.533312,Pa
0.42932736,Pa
0.64399104,Pa
0.4599936,Pa
0.36799488,Pa
0.36799488,Pa
0.3066624,Pa
0.33732864,Pa
0.73598976,Pa
1.04265216,Pa
0.6133248,Pa
0.3066624,Pa
0.766656,Pa
0.85865472,Pa
0.42932736,Pa
0.33732864,Pa
0.33732864,Pa
0.33732864,Pa
2.02397184,Pa
0.3066624,Pa
0.39866112,Pa
1.8399744,Pa
0.33732864,Pa
0.3066624,Pa
3.40395264,Pa
0.73598976,Pa
0.36799488,Pa
0.58265856,Pa
1.34931456,Pa
0.3066624,Pa
0.33732864,Pa
1.74797568,Pa
0.39866112,Pa
2.23863552,Pa
0.33732864,Pa
0.49065984,Pa
0.3066624,Pa
0.73598976,Pa
0.36799488,Pa
0.3066624,Pa
1.47197952,Pa
0.36799488,Pa
2.02397184,Pa
0.39866112,Pa
2.88262656,Pa
0.36799488,Pa
6.40924416,Pa
0.64399104,Pa
0.33732864,Pa
0.3066624,Pa
0.3066624,Pa
0.33732864,Pa
0.36799488,Pa
0.33732864,Pa
1.28798208,Pa
5.5199232,Pa
0.3066624,Pa
0.3066624,Pa
1.96263936,Pa
1.04265216,Pa
0.3066624,Pa
0.33732864,Pa
0.42932736,Pa
0.79732224,Pa
0.6133248,Pa
0.36799488,Pa
0.3066624,Pa
0.64399104,Pa
0.4599936,Pa
0.3066624,Pa
0.42932736,Pa
0.42932736,Pa
0.3066624,Pa
4.72260096,Pa
0.766656,Pa
0.36799488,Pa
1.01198592,Pa
0.33732864,Pa
0.33732864,Pa
0.3066624,Pa
0.55199232,Pa
1.10398464,Pa
0.3066624,Pa
0.3066624,Pa
0.33732864,Pa
0.3066624,Pa
1.71730944,Pa
0.49065984,Pa
0.33732864,Pa
1.04265216,Pa
0.88932096,Pa
5.55058944,Pa
0.36799488,Pa
0.85865472,Pa
1.2266496,Pa
0.70532352,Pa
0.3066624,Pa
0.3066624,Pa
0.55199232,Pa
0.88932096,Pa
0.39866112,Pa
0.3066624,Pa
0.33732864,Pa
0.79732224,Pa
0.67465728,Pa
0.36799488,Pa
0.98131968,Pa
0.33732864,Pa
2.08530432,Pa
0.85865472,Pa
1.28798208,Pa
1.10398464,Pa
0.3066624,Pa
2.94395904,Pa
0.3066624,Pa
0.67465728,Pa
1.3799808,Pa
0.36799488,Pa
0.3066624,Pa
1.19598336,Pa
0.33732864,Pa
0.3066624,Pa
2.05463808,Pa
0.3066624,Pa
0.3066624,Pa
0.42932736,Pa
0.4599936,Pa
0.88932096,Pa
0.36799488,Pa
0.39866112,Pa
0.82798848,Pa
0.98131968,Pa
3.3732864,Pa
0.33732864,Pa
0.766656,Pa
2.11597056,Pa
0.36799488,Pa
0.33732864,Pa
8.37188352,Pa
0.67465728,Pa
0.55199232,Pa
0.70532352,Pa
0.33732864,Pa
0.3066624,Pa
0.6133248,Pa
0.88932096,Pa
0.3066624,Pa
9.29187072,Pa
2.20796928,Pa
0.39866112,Pa
0.39866112,Pa
0.3066624,Pa
0.36799488,Pa
0.49065984,Pa
1.44131328,Pa
0.49065984,Pa
0.33732864,Pa
0.33732864,Pa
0.33732864,Pa
1.19598336,Pa
0.73598976,Pa
0.3066624,Pa
0.4599936,Pa
3.92527872,Pa
3.5266176,Pa
0.36799488,Pa
0.3066624,Pa
0.33732864,Pa
0.98131968,Pa
0.33732864,Pa
2.42263296,Pa
0.33732864,Pa
6.50124288,Pa
0.3066624,Pa
0.58265856,Pa
0.36799488,Pa
0.33732864,Pa
4.38527232,Pa
0.3066624,Pa
0.3066624,Pa
1.04265216,Pa
0.52132608,Pa
1.04265216,Pa
0.70532352,Pa
0.33732864,Pa
7.57456128,Pa
1.0733184,Pa
0.95065344,Pa
0.39866112,Pa
0.88932096,Pa
0.67465728,Pa
0.33732864,Pa
0.33732864,Pa
0.42932736,Pa
0.98131968,Pa
0.79732224,Pa
5.0599296,Pa
0.70532352,Pa
1.533312,Pa
0.36799488,Pa
0.73598976,Pa
0.33732864,Pa
1.44131328,Pa
0.67465728,Pa
0.33732864,Pa
0.33732864,Pa
0.33732864,Pa
0.33732864,Pa
0.33732864,Pa
0.33732864,Pa
6.899904,Pa
0.3066624,Pa
0.49065984,Pa
0.33732864,Pa
1.31864832,Pa
1.93197312,Pa
1.9933056,Pa
0.64399104,Pa
0.33732864,Pa
0.64399104,Pa
1.77864192,Pa
0.88932096,Pa
0.70532352,Pa
1.56397824,Pa
0.36799488,Pa
0.67465728,Pa
0.42932736,Pa
0.39866112,Pa
0.36799488,Pa
0.42932736,Pa
0.70532352,Pa
1.47197952,Pa
0.67465728,Pa
0.33732864,Pa
4.599936,Pa
3.77194752,Pa
0.3066624,Pa
0.33732864,Pa
0.52132608,Pa
0.3066624,Pa
0.33732864,Pa
0.3066624,Pa
0.39866112,Pa
0.3066624,Pa
1.13465088,Pa
0.6133248,Pa
1.16531712,Pa
2.79062784,Pa
0.33732864,Pa
0.3066624,Pa
0.42932736,Pa
0.33732864,Pa
0.3066624,Pa
5.70392064,Pa
0.64399104,Pa
0.64399104,Pa
0.39866112,Pa
0.79732224,Pa
1.80930816,Pa
4.81459968,Pa
0.3066624,Pa
0.3066624,Pa
13.73847552,Pa
0.85865472,Pa
0.3066624,Pa
0.36799488,Pa
0.36799488,Pa
0.85865472,Pa
0.36799488,Pa
0.3066624,Pa
0.3066624,Pa
8.61721344,Pa
0.6133248,Pa
0.3066624,Pa
0.3066624,Pa
0.64399104,Pa
0.82798848,Pa
2.97462528,Pa
1.50264576,Pa
3.40395264,Pa
0.39866112,Pa
0.58265856,Pa
0.33732864,Pa
0.36799488,Pa
0.4599936,Pa
0.3066624,Pa
1.6866432,Pa
0.36799488,Pa
0.3066624,Pa
0.39866112,Pa
1.04265216,Pa
0.82798848,Pa
0.3066624,Pa
0.33732864,Pa
0.95065344,Pa
0.58265856,Pa
2.72929536,Pa
0.33732864,Pa
1.0733184,Pa
0.73598976,Pa
0.88932096,Pa
0.36799488,Pa
0.3066624,Pa
0.67465728,Pa
2.08530432,Pa
0.82798848,Pa
0.52132608,Pa
2.299968,Pa
0.36799488,Pa
0.73598976,Pa
0.85865472,Pa
0.3066624,Pa
0.766656,Pa
0.42932736,Pa
0.42932736,Pa
0.3066624,Pa
0.64399104,Pa
0.36799488,Pa
7.9732224,Pa
1.3799808,Pa
0.73598976,Pa
0.67465728,Pa
1.71730944,Pa
0.33732864,Pa
1.41064704,Pa
0.85865472,Pa
0.6133248,Pa
2.88262656,Pa
0.55199232,Pa
0.98131968,Pa
1.8399744,Pa
0.3066624,Pa
2.33063424,Pa
0.3066624,Pa
1.56397824,Pa
2.05463808,Pa
0.70532352,Pa
0.67465728,Pa
2.4532992,Pa
1.93197312,Pa
0.49065984,Pa
0.33732864,Pa
2.1466368,Pa
0.36799488,Pa
0.79732224,Pa
0.36799488,Pa
1.10398464,Pa
0.64399104,Pa
0.36799488,Pa
0.3066624,Pa
0.36799488,Pa
0.3066624,Pa
0.67465728,Pa
1.74797568,Pa
1.34931456,Pa
0.3066624,Pa
0.33732864,Pa
0.766656,Pa
0.58265856,Pa
0.52132608,Pa
0.33732864,Pa
1.28798208,Pa
0.49065984,Pa
0.70532352,Pa
2.1466368,Pa
0.55199232,Pa
1.93197312,Pa
0.42932736,Pa
2.7599616,Pa
0.36799488,Pa
0.64399104,Pa
0.3066624,Pa
0.33732864,Pa
0.64399104,Pa
0.3066624,Pa
0.55199232,Pa
0.73598976,Pa
0.3066624,Pa
1.04265216,Pa
0.33732864,Pa
2.299968,Pa
0.36799488,Pa
0.3066624,Pa
0.39866112,Pa
1.31864832,Pa
0.36799488,Pa
0.33732864,Pa
0.4599936,Pa
0.6133248,Pa
1.16531712,Pa
0.33732864,Pa
0.3066624,Pa
6.10258176,Pa
0.85865472,Pa
0.42932736,Pa
0.36799488,Pa
0.58265856,Pa
1.13465088,Pa
1.50264576,Pa
0.39866112,Pa
1.10398464,Pa
1.16531712,Pa
6.62390784,Pa
0.3066624,Pa
0.33732864,Pa
0.3066624,Pa
0.3066624,Pa
0.42932736,Pa
0.39866112,Pa
2.4532992,Pa
0.39866112,Pa
1.04265216,Pa
5.61192192,Pa
0.3066624,Pa
0.64399104,Pa
0.39866112,Pa
1.56397824,Pa
0.3066624,Pa
0.39866112,Pa
1.13465088,Pa
0.79732224,Pa
1.10398464,Pa
0.42932736,Pa
1.34931456,Pa
0.49065984,Pa
0.3066624,Pa
1.50264576,Pa
0.3066624,Pa
0.3066624,Pa
0.33732864,Pa
0.36799488,Pa
0.3066624,Pa
2.17730304,Pa
1.16531712,Pa
0.33732864,Pa
0.39866112,Pa
0.33732864,Pa
1.74797568,Pa
0.70532352,Pa
4.78393344,Pa
0.9199872,Pa
1.533312,Pa
0.36799488,Pa
1.65597696,Pa
0.3066624,Pa
0.88932096,Pa
0.3066624,Pa
0.3066624,Pa
0.3066624,Pa
0.36799488,Pa
0.36799488,Pa
0.33732864,Pa
0.3066624,Pa
1.13465088,Pa
0.85865472,Pa
0.55199232,Pa
0.98131968,Pa
0.33732864,Pa
2.7599616,Pa
0.82798848,Pa
1.9933056,Pa
0.82798848,Pa
0.79732224,Pa
4.7532672,Pa
0.70532352,Pa
0.79732224,Pa
3.28128768,Pa
1.71730944,Pa
0.33732864,Pa
0.39866112,Pa
0.42932736,Pa
0.67465728,Pa
0.3066624,Pa
0.58265856,Pa
0.98131968,Pa
0.98131968,Pa
0.33732864,Pa
0.3066624,Pa
0.6133248,Pa
0.36799488,Pa
0.39866112,Pa
2.1466368,Pa
0.33732864,Pa
0.85865472,Pa
0.3066624,Pa
0.3066624,Pa
0.33732864,Pa
2.05463808,Pa
0.67465728,Pa
0.88932096,Pa
1.19598336,Pa
0.4599936,Pa
0.39866112,Pa
0.73598976,Pa
0.33732864,Pa
0.3066624,Pa
1.6866432,Pa
0.58265856,Pa
0.3066624,Pa
0.3066624,Pa
0.36799488,Pa
0.6133248,Pa
0.4599936,Pa
0.3066624,Pa
1.25731584,Pa
0.39866112,Pa
0.98131968,Pa
1.533312,Pa
1.96263936,Pa
0.79732224,Pa
1.0733184,Pa
0.88932096,Pa
0.33732864,Pa
0.3066624,Pa
0.88932096,Pa
0.33732864,Pa
0.64399104,Pa
0.3066624,Pa
0.67465728,Pa
0.3066624,Pa
0.3066624,Pa
0.55199232,Pa
1.13465088,Pa
1.16531712,Pa
0.3066624,Pa
0.3066624,Pa
0.49065984,Pa
0.3066624,Pa
0.33732864,Pa
1.93197312,Pa
1.47197952,Pa
0.95065344,Pa
0.3066624,Pa
0.39866112,Pa
0.36799488,Pa
0.36799488,Pa
1.19598336,Pa
1.50264576,Pa
0.33732864,Pa
7.60522752,Pa
0.4599936,Pa
3.34262016,Pa
0.42932736,Pa
0.33732864,Pa
0.3066624,Pa
0.33732864,Pa
0.39866112,Pa
2.54529792,Pa
0.33732864,Pa
0.36799488,Pa
0.52132608,Pa
1.3799808,Pa
0.3066624,Pa
0.33732864,Pa
0.79732224,Pa
0.36799488,Pa
0.70532352,Pa
0.3066624,Pa
0.33732864,Pa
0.33732864,Pa
1.04265216,Pa
0.67465728,Pa
0.33732864,Pa
1.50264576,Pa
0.39866112,Pa
0.4599936,Pa
5.73458688,Pa
3.12795648,Pa
0.33732864,Pa
2.63729664,Pa
0.3066624,Pa
0.36799488,Pa
0.3066624,Pa
0.3066624,Pa
1.34931456,Pa
0.36799488,Pa
1.19598336,Pa
1.10398464,Pa
0.88932096,Pa
1.93197312,Pa
2.51463168,Pa
0.6133248,Pa
1.8399744,Pa
0.33732864,Pa
0.36799488,Pa
0.33732864,Pa
0.3066624,Pa
0.4599936,Pa
0.3066624,Pa
0.33732864,Pa
1.8399744,Pa
0.39866112,Pa
0.3066624,Pa
3.12795648,Pa
0.3066624,Pa
2.63729664,Pa
0.3066624,Pa
0.42932736,Pa
0.49065984,Pa
1.8399744,Pa
6.37857792,Pa
0.70532352,Pa
0.36799488,Pa
0.33732864,Pa
0.64399104,Pa
0.64399104,Pa
0.49065984,Pa
2.97462528,Pa
0.36799488,Pa
0.3066624,Pa
1.16531712,Pa
0.3066624,Pa
2.1466368,Pa
0.33732864,Pa
2.42263296,Pa
0.39866112,Pa
0.39866112,Pa
1.8399744,Pa
1.533312,Pa
3.15862272,Pa
2.11597056,Pa
0.3066624,Pa
0.6133248,Pa
2.23863552,Pa
1.10398464,Pa
0.39866112,Pa
0.64399104,Pa
0.3066624,Pa
2.1466368,Pa
0.4599936,Pa
0.36799488,Pa
0.3066624,Pa
3.066624,Pa
0.3066624,Pa
0.3066624,Pa
1.3799808,Pa
0.52132608,Pa
0.3066624,Pa
0.79732224,Pa
0.82798848,Pa
0.42932736,Pa
1.87064064,Pa
0.85865472,Pa
1.2266496,Pa
0.33732864,Pa
0.33732864,Pa
0.70532352,Pa
1.16531712,Pa
0.3066624,Pa
0.36799488,Pa
0.36799488,Pa
0.3066624,Pa
0.39866112,Pa
1.41064704,Pa
0.95065344,Pa
2.85196032,Pa
2.72929536,Pa
0.67465728,Pa
0.36799488,Pa
0.3066624,Pa
1.0733184,Pa
0.4599936,Pa
0.52132608,Pa
0.36799488,Pa
0.3066624,Pa
0.36799488,Pa
3.066624,Pa
0.39866112,Pa
0.4599936,Pa
0.36799488,Pa
0.4599936,Pa
8.06522112,Pa
0.36799488,Pa
0.36799488,Pa
0.33732864,Pa
1.6866432,Pa
11.53050624,Pa
0.33732864,Pa
1.65597696,Pa
0.33732864,Pa
0.3066624,Pa
0.49065984,Pa
0.33732864,Pa
0.766656,Pa
0.55199232,Pa
0.33732864,Pa
0.3066624,Pa
1.3799808,Pa
0.33732864,Pa
0.70532352,Pa
0.36799488,Pa
0.3066624,Pa
0.42932736,Pa
0.55199232,Pa
2.9132928,Pa
1.44131328,Pa
3.74128128,Pa
0.70532352,Pa
0.3066624,Pa
0.82798848,Pa
0.3066624,Pa
0.3066624,Pa
0.9199872,Pa
1.04265216,Pa
0.36799488,Pa
0.766656,Pa
0.39866112,Pa
0.33732864,Pa
0.33732864,Pa
0.39866112,Pa
0.39866112,Pa
2.63729664,Pa
0.82798848,Pa
0.3066624,Pa
0.58265856,Pa
0.39866112,Pa
0.85865472,Pa
0.42932736,Pa
0.95065344,Pa
0.33732864,Pa
0.88932096,Pa
0.3066624,Pa
0.73598976,Pa
0.4599936,Pa
0.3066624,Pa
0.39866112,Pa
0.82798848,Pa
0.73598976,Pa
0.4599936,Pa
0.3066624,Pa
1.0733184,Pa
1.0733184,Pa
0.3066624,Pa
0.3066624,Pa
0.39866112,Pa
0.3066624,Pa
0.3066624,Pa
1.3799808,Pa
0.3066624,Pa
0.36799488,Pa
0.73598976,Pa
0.4599936,Pa
0.33732864,Pa
0.3066624,Pa
0.3066624,Pa
6.133248,Pa
0.36799488,Pa
0.33732864,Pa
5.58125568,Pa
0.33732864,Pa
8.15721984,Pa
1.16531712,Pa
1.10398464,Pa
0.73598976,Pa
0.3066624,Pa
0.33732864,Pa
0.766656,Pa
0.3066624,Pa
0.70532352,Pa
0.58265856,Pa
1.74797568,Pa
0.39866112,Pa
0.3066624,Pa
0.64399104,Pa
0.42932736,Pa
0.3066624,Pa
0.4599936,Pa
0.73598976,Pa
0.88932096,Pa
0.6133248,Pa
0.3066624,Pa
1.8399744,Pa
0.39866112,Pa
2.39196672,Pa
0.49065984,Pa
0.42932736,Pa
0.36799488,Pa
0.42932736,Pa
0.36799488,Pa
0.36799488,Pa
0.3066624,Pa
0.42932736,Pa
0.42932736,Pa
0.6133248,Pa
0.82798848,Pa
0.88932096,Pa
0.49065984,Pa
1.59464448,Pa
0.3066624,Pa
0.33732864,Pa
0.36799488,Pa
5.91858432,Pa
1.59464448,Pa
1.41064704,Pa
0.3066624,Pa
0.4599936,Pa
0.64399104,Pa
3.6799488,Pa
1.77864192,Pa
0.3066624,Pa
0.79732224,Pa
3.066624,Pa
0.64399104,Pa
5.61192192,Pa
0.36799488,Pa
0.3066624,Pa
1.25731584,Pa
3.95594496,Pa
0.33732864,Pa
0.3066624,Pa
1.41064704,Pa
0.9199872,Pa
1.56397824,Pa
0.49065984,Pa
2.57596416,Pa
0.3066624,Pa
0.36799488,Pa
0.39866112,Pa
0.82798848,Pa
0.98131968,Pa
0.4599936,Pa
0.58265856,Pa
0.33732864,Pa
0.36799488,Pa
1.10398464,Pa
0.33732864,Pa
0.33732864,Pa
1.71730944,Pa
0.766656,Pa
0.36799488,Pa
0.64399104,Pa
0.3066624,Pa
0.3066624,Pa
0.36799488,Pa
1.56397824,Pa
1.87064064,Pa
0.33732864,Pa
0.6133248,Pa
0.52132608,Pa
0.3066624,Pa
0.3066624,Pa
1.28798208,Pa
0.766656,Pa
0.36799488,Pa
0.3066624,Pa
0.9199872,Pa
0.49065984,Pa
0.33732864,Pa
0.33732864,Pa
2.33063424,Pa
0.42932736,Pa
1.28798208,Pa
0.3066624,Pa
0.70532352,Pa
0.36799488,Pa
1.9933056,Pa
0.36799488,Pa
0.3066624,Pa
0.3066624,Pa
0.70532352,Pa
0.42932736,Pa
0.36799488,Pa
1.80930816,Pa
2.1466368,Pa
0.42932736,Pa
0.33732864,Pa
0.39866112,Pa
5.15192832,Pa
0.39866112,Pa
0.3066624,Pa
0.64399104,Pa
0.36799488,Pa
1.04265216,Pa
0.42932736,Pa
0.3066624,Pa
0.73598976,Pa
1.44131328,Pa
1.59464448,Pa
4.7532672,Pa
0.39866112,Pa
0.39866112,Pa
0.3066624,Pa
2.7599616,Pa
0.766656,Pa
0.6133248,Pa
0.36799488,Pa
0.42932736,Pa
2.17730304,Pa
0.3066624,Pa
0.98131968,Pa
1.87064064,Pa
3.77194752,Pa
0.98131968,Pa
0.85865472,Pa
0.33732864,Pa
1.34931456,Pa
0.82798848,Pa
0.3066624,Pa
0.33732864,Pa
0.64399104,Pa
0.6133248,Pa
0.67465728,Pa
0.3066624,Pa
0.70532352,Pa
1.71730944,Pa
0.36799488,Pa
0.52132608,Pa
1.25731584,Pa
0.39866112,Pa
0.33732864,Pa
0.33732864,Pa
0.98131968,Pa
0.67465728,Pa
0.33732864,Pa
0.42932736,Pa
0.98131968,Pa
0.39866112,Pa
0.3066624,Pa
0.67465728,Pa
2.57596416,Pa
1.13465088,Pa
0.3066624,Pa
0.3066624,Pa
1.01198592,Pa
0.3066624,Pa
0.766656,Pa
0.33732864,Pa
0.3066624,Pa
1.28798208,Pa
1.04265216,Pa
0.33732864,Pa
1.71730944,Pa
0.70532352,Pa
0.36799488,Pa
0.39866112,Pa
0.3066624,Pa
0.39866112,Pa
0.39866112,Pa
0.33732864,Pa
0.33732864,Pa
2.23863552,Pa
0.42932736,Pa
1.34931456,Pa
0.73598976,Pa
3.89461248,Pa
3.46528512,Pa
5.33592576,Pa
0.3066624,Pa
0.3066624,Pa
0.6133248,Pa
0.3066624,Pa
8.80121088,Pa
0.33732864,Pa
1.0733184,Pa
3.00529152,Pa
1.34931456,Pa
0.4599936,Pa
0.64399104,Pa
0.33732864,Pa
2.1466368,Pa
0.70532352,Pa
0.39866112,Pa
1.34931456,Pa
1.13465088,Pa
0.33732864,Pa
4.23194112,Pa
0.36799488,Pa
0.33732864,Pa
0.33732864,Pa
0.3066624,Pa
0.73598976,Pa
0.36799488,Pa
0.33732864,Pa
0.3066624,Pa
1.25731584,Pa
7.2065664,Pa
0.49065984,Pa
0.3066624,Pa
0.73598976,Pa
0.3066624,Pa
0.3066624,Pa
0.33732864,Pa
0.42932736,Pa
0.3066624,Pa
2.20796928,Pa
1.25731584,Pa
0.3066624,Pa
0.33732864,Pa
1.01198592,Pa
0.33732864,Pa
1.01198592,Pa
0.36799488,Pa
0.3066624,Pa
2.72929536,Pa
0.42932736,Pa
1.8399744,Pa
0.42932736,Pa
0.36799488,Pa
2.97462528,Pa
0.3066624,Pa
3.18928896,Pa
0.3066624,Pa
1.533312,Pa
0.64399104,Pa
0.36799488,Pa
2.82129408,Pa
0.39866112,Pa
0.3066624,Pa
0.4599936,Pa
1.10398464,Pa
0.42932736,Pa
0.3066624,Pa
0.3066624,Pa
2.1466368,Pa
0.36799488,Pa
0.766656,Pa
1.90130688,Pa
3.40395264,Pa
0.3066624,Pa
1.90130688,Pa
1.0733184,Pa
0.3066624,Pa
0.33732864,Pa
0.39866112,Pa
0.42932736,Pa
0.64399104,Pa
0.33732864,Pa
1.0733184,Pa
0.79732224,Pa
1.93197312,Pa
0.3066624,Pa
3.25062144,Pa
0.3066624,Pa
0.73598976,Pa
0.3066624,Pa
0.49065984,Pa
0.33732864,Pa
0.6133248,Pa
0.58265856,Pa
0.73598976,Pa
0.4599936,Pa
0.4599936,Pa
0.33732864,Pa
1.56397824,Pa
0.33732864,Pa
0.3066624,Pa
0.79732224,Pa
0.36799488,Pa
0.67465728,Pa
0.3066624,Pa
1.13465088,Pa
0.36799488,Pa
0.42932736,Pa
0.33732864,Pa
0.73598976,Pa
0.4599936,Pa
0.3066624,Pa
0.3066624,Pa
0.82798848,Pa
0.6133248,Pa
0.42932736,Pa
0.36799488,Pa
1.13465088,Pa
0.3066624,Pa
0.3066624,Pa
0.67465728,Pa
0.70532352,Pa
0.33732864,Pa
0.4599936,Pa
0.3066624,Pa
3.09729024,Pa
0.36799488,Pa
0.4599936,Pa
0.4599936,Pa
0.39866112,Pa
0.42932736,Pa
1.50264576,Pa
3.40395264,Pa
0.82798848,Pa
0.36799488,Pa
0.36799488,Pa
0.49065984,Pa
1.04265216,Pa
1.01198592,Pa
0.33732864,Pa
2.17730304,Pa
0.88932096,Pa
0.36799488,Pa
0.36799488,Pa
0.3066624,Pa
0.33732864,Pa
0.3066624,Pa
1.6866432,Pa
0.3066624,Pa
0.39866112,Pa
0.3066624,Pa
0.39866112,Pa
0.33732864,Pa
0.36799488,Pa
0.3066624,Pa
0.98131968,Pa
0.36799488,Pa
0.766656,Pa
0.36799488,Pa
0.3066624,Pa
2.02397184,Pa
0.3066624,Pa
0.33732864,Pa
0.39866112,Pa
1.71730944,Pa
0.33732864,Pa
0.42932736,Pa
1.28798208,Pa
1.41064704,Pa
0.3066624,Pa
3.34262016,Pa
0.3066624,Pa
1.2266496,Pa
0.55199232,Pa
3.03595776,Pa
1.31864832,Pa
0.79732224,Pa
0.3066624,Pa
0.36799488,Pa
0.3066624,Pa
1.93197312,Pa
0.3066624,Pa
0.36799488,Pa
0.67465728,Pa
0.39866112,Pa
1.533312,Pa
0.36799488,Pa
0.36799488,Pa
1.3799808,Pa
2.1466368,Pa
0.3066624,Pa
0.766656,Pa
2.36130048,Pa
0.3066624,Pa
0.36799488,Pa
1.47197952,Pa
0.33732864,Pa
0.6133248,Pa
0.33732864,Pa
1.47197952,Pa
1.25731584,Pa
0.49065984,Pa
0.98131968,Pa
0.3066624,Pa
0.3066624,Pa
0.36799488,Pa
1.31864832,Pa
0.52132608,Pa
0.3066624,Pa
0.3066624,Pa
0.70532352,Pa
2.299968,Pa
0.52132608,Pa
0.52132608,Pa
0.42932736,Pa
0.9199872,Pa
0.42932736,Pa
0.39866112,Pa
0.36799488,Pa
0.67465728,Pa
1.47197952,Pa
1.0733184,Pa
0.3066624,Pa
0.49065984,Pa
0.95065344,Pa
0.39866112,Pa
0.6133248,Pa
1.50264576,Pa
0.52132608,Pa
0.36799488,Pa
2.7599616,Pa
0.36799488,Pa
0.39866112,Pa
0.766656,Pa
0.3066624,Pa
0.39866112,Pa
1.34931456,Pa
0.36799488,Pa
1.90130688,Pa
0.64399104,Pa
1.0733184,Pa
2.42263296,Pa
1.34931456,Pa
0.42932736,Pa
0.36799488,Pa
1.3799808,Pa
0.36799488,Pa
0.67465728,Pa
1.8399744,Pa
0.36799488,Pa
0.33732864,Pa
0.36799488,Pa
4.7532672,Pa
3.2199552,Pa
0.33732864,Pa
0.3066624,Pa
0.36799488,Pa
0.766656,Pa
0.36799488,Pa
1.47197952,Pa
4.81459968,Pa
0.33732864,Pa
1.44131328,Pa
0.4599936,Pa
0.79732224,Pa
2.20796928,Pa
0.36799488,Pa
0.64399104,Pa
0.33732864,Pa
0.33732864,Pa
2.26930176,Pa
0.42932736,Pa
1.28798208,Pa
0.33732864,Pa
1.34931456,Pa
0.39866112,Pa
1.0733184,Pa
0.3066624,Pa
0.3066624,Pa
0.88932096,Pa
0.3066624,Pa
0.3066624,Pa
0.3066624,Pa
1.71730944,Pa
0.42932736,Pa
0.55199232,Pa
0.33732864,Pa
0.79732224,Pa
0.82798848,Pa
0.49065984,Pa
3.2199552,Pa
0.85865472,Pa
0.3066624,Pa
0.6133248,Pa
0.58265856,Pa
0.42932736,Pa
0.79732224,Pa
0.36799488,Pa
1.533312,Pa
0.39866112,Pa
1.10398464,Pa
0.36799488,Pa
6.56257536,Pa
0.33732864,Pa
0.3066624,Pa
1.71730944,Pa
2.54529792,Pa
0.33732864,Pa
0.766656,Pa
0.70532352,Pa
0.73598976,Pa
0.82798848,Pa
1.10398464,Pa
0.3066624,Pa
1.13465088,Pa
0.67465728,Pa
0.36799488,Pa
1.28798208,Pa
0.70532352,Pa
0.3066624,Pa
0.88932096,Pa
0.3066624,Pa
0.766656,Pa
0.3066624,Pa
0.70532352,Pa
0.9199872,Pa
0.70532352,Pa
0.3066624,Pa
0.67465728,Pa
0.33732864,Pa
0.55199232,Pa
0.3066624,Pa
0.67465728,Pa
1.01198592,Pa
0.42932736,Pa
4.9065984,Pa
0.36799488,Pa
0.39866112,Pa
0.49065984,Pa
0.3066624,Pa
0.33732864,Pa
1.04265216,Pa
0.64399104,Pa
1.34931456,Pa
0.33732864,Pa
1.19598336,Pa
3.43461888,Pa
0.33732864,Pa
0.39866112,Pa
0.98131968,Pa
0.3066624,Pa
0.33732864,Pa
2.85196032,Pa
0.3066624,Pa
0.33732864,Pa
0.73598976,Pa
3.46528512,Pa
1.62531072,Pa
1.04265216,Pa
0.766656,Pa
1.01198592,Pa
0.3066624,Pa
1.41064704,Pa
0.3066624,Pa
0.9199872,Pa
0.64399104,Pa
0.39866112,Pa
0.64399104,Pa
0.42932736,Pa
0.42932736,Pa
0.42932736,Pa
0.88932096,Pa
0.3066624,Pa
0.4599936,Pa
0.73598976,Pa
0.85865472,Pa
0.36799488,Pa
1.87064064,Pa
0.6133248,Pa
0.39866112,Pa
0.42932736,Pa
0.3066624,Pa
0.3066624,Pa
1.01198592,Pa
1.41064704,Pa
0.3066624,Pa
0.33732864,Pa
1.56397824,Pa
0.3066624,Pa
0.36799488,Pa
0.4599936,Pa
0.4599936,Pa
0.3066624,Pa
0.42932736,Pa
0.39866112,Pa
2.48396544,Pa
0.42932736,Pa
1.28798208,Pa
0.36799488,Pa
3.25062144,Pa
0.67465728,Pa
1.31864832,Pa
0.33732864,Pa
0.36799488,Pa
0.42932736,Pa
0.3066624,Pa
0.88932096,Pa
0.64399104,Pa
0.49065984,Pa
0.85865472,Pa
1.13465088,Pa
0.766656,Pa
0.33732864,Pa
1.56397824,Pa
5.48925696,Pa
0.52132608,Pa
0.70532352,Pa
0.36799488,Pa
0.33732864,Pa
2.33063424,Pa
0.3066624,Pa
2.11597056,Pa
0.49065984,Pa
0.70532352,Pa
0.3066624,Pa
0.39866112,Pa
0.33732864,Pa
1.2266496,Pa
1.50264576,Pa
0.82798848,Pa
0.36799488,Pa
2.51463168,Pa
0.52132608,Pa
0.3066624,Pa
0.33732864,Pa
0.33732864,Pa
0.33732864,Pa
3.89461248,Pa
0.36799488,Pa
1.6866432,Pa
0.33732864,Pa
0.36799488,Pa
1.19598336,Pa
0.64399104,Pa
3.03595776,Pa
1.41064704,Pa
0.33732864,Pa
4.63060224,Pa
0.3066624,Pa
2.9132928,Pa
0.6133248,Pa
0.39866112,Pa
0.36799488,Pa
2.57596416,Pa
0.6133248,Pa
0.36799488,Pa
0.4599936,Pa
1.8399744,Pa
1.47197952,Pa
0.3066624,Pa
0.33732864,Pa
0.3066624,Pa
0.3066624,Pa
0.49065984,Pa
0.6133248,Pa
0.3066624,Pa
0.3066624,Pa
1.04265216,Pa
0.3066624,Pa
0.33732864,Pa
0.36799488,Pa
0.3066624,Pa
0.9199872,Pa
1.04265216,Pa
0.95065344,Pa
0.3066624,Pa
0.3066624,Pa
0.3066624,Pa
0.49065984,Pa
1.533312,Pa
5.39725824,Pa
0.3066624,Pa
0.33732864,Pa
0.3066624,Pa
0.33732864,Pa
0.6133248,Pa
0.49065984,Pa
1.50264576,Pa
1.41064704,Pa
1.96263936,Pa
1.9933056,Pa
2.02397184,Pa
0.95065344,Pa
0.98131968,Pa
0.3066624,Pa
0.4599936,Pa
0.49065984,Pa
0.70532352,Pa
0.6133248,Pa
0.33732864,Pa
0.42932736,Pa
0.42932736,Pa
0.55199232,Pa
1.65597696,Pa
1.13465088,Pa
0.67465728,Pa
3.58795008,Pa
0.49065984,Pa
0.3066624,Pa
0.79732224,Pa
1.31864832,Pa
1.59464448,Pa
0.33732864,Pa
0.33732864,Pa
0.3066624,Pa
0.3066624,Pa
0.3066624,Pa
1.28798208,Pa
1.16531712,Pa
0.766656,Pa
0.67465728,Pa
2.97462528,Pa
1.01198592,Pa
0.39866112,Pa
1.31864832,Pa
0.33732864,Pa
0.64399104,Pa
0.52132608,Pa
0.3066624,Pa
0.3066624,Pa
0.98131968,Pa
0.3066624,Pa
0.82798848,Pa
0.67465728,Pa
0.58265856,Pa
0.3066624,Pa
0.3066624,Pa
0.3066624,Pa
0.42932736,Pa
0.3066624,Pa
1.9933056,Pa
0.73598976,Pa
0.39866112,Pa
2.02397184,Pa
0.73598976,Pa
0.95065344,Pa
0.73598976,Pa
2.4532992,Pa
0.36799488,Pa
0.33732864,Pa
0.3066624,Pa
0.79732224,Pa
0.70532352,Pa
0.766656,Pa
0.67465728,Pa
0.3066624,Pa
0.3066624,Pa
0.39866112,Pa
0.3066624,Pa
0.49065984,Pa
0.3066624,Pa
0.39866112,Pa
1.74797568,Pa
0.67465728,Pa
0.64399104,Pa
1.31864832,Pa
3.3732864,Pa
2.82129408,Pa
1.6866432,Pa
0.3066624,Pa
1.533312,Pa
1.3799808,Pa
9.26120448,Pa
0.3066624,Pa
2.54529792,Pa
0.33732864,Pa
0.36799488,Pa
0.3066624,Pa
0.3066624,Pa
0.3066624,Pa
0.4599936,Pa
1.0733184,Pa
0.3066624,Pa
1.13465088,Pa
5.39725824,Pa
1.0733184,Pa
1.31864832,Pa
0.9199872,Pa
5.64258816,Pa
0.4599936,Pa
0.79732224,Pa
0.39866112,Pa
4.26260736,Pa
0.64399104,Pa
0.33732864,Pa
1.77864192,Pa
0.766656,Pa
0.3066624,Pa
0.33732864,Pa
2.4532992,Pa
0.3066624,Pa
0.42932736,Pa
2.02397184,Pa
0.52132608,Pa
2.94395904,Pa
0.39866112,Pa
0.3066624,Pa
1.01198592,Pa
0.36799488,Pa
0.82798848,Pa
2.48396544,Pa
1.25731584,Pa
0.73598976,Pa
0.79732224,Pa
0.49065984,Pa
0.42932736,Pa
0.36799488,Pa
0.42932736,Pa
0.36799488,Pa
0.3066624,Pa
0.49065984,Pa
0.3066624,Pa
0.33732864,Pa
0.70532352,Pa
0.33732864,Pa
0.49065984,Pa
1.01198592,Pa
0.6133248,Pa
0.3066624,Pa
0.766656,Pa
0.33732864,Pa
0.3066624,Pa
1.01198592,Pa
0.70532352,Pa
0.3066624,Pa
0.4599936,Pa
2.66796288,Pa
0.3066624,Pa
0.3066624,Pa
0.36799488,Pa
0.42932736,Pa
0.73598976,Pa
0.33732864,Pa
1.10398464,Pa
1.10398464,Pa
0.70532352,Pa
0.39866112,Pa
1.62531072,Pa
5.09059584,Pa
3.95594496,Pa
2.299968,Pa
0.766656,Pa
0.85865472,Pa
0.3066624,Pa
0.33732864,Pa
0.55199232,Pa
1.16531712,Pa
1.90130688,Pa
0.3066624,Pa
1.10398464,Pa
0.67465728,Pa
0.33732864,Pa
0.6133248,Pa
0.33732864,Pa
0.73598976,Pa
1.01198592,Pa
1.0733184,Pa
1.65597696,Pa
0.3066624,Pa
1.31864832,Pa
2.11597056,Pa
1.31864832,Pa
0.67465728,Pa
0.6133248,Pa
0.33732864,Pa
0.3066624,Pa
0.36799488,Pa
1.04265216,Pa
0.39866112,Pa
1.41064704,Pa
1.90130688,Pa
0.88932096,Pa
0.3066624,Pa
0.33732864,Pa
0.33732864,Pa
2.69862912,Pa
0.33732864,Pa
0.39866112,Pa
0.3066624,Pa
0.3066624,Pa
3.43461888,Pa
0.39866112,Pa
0.67465728,Pa
0.3066624,Pa
2.26930176,Pa
0.70532352,Pa
0.3066624,Pa
1.01198592,Pa
0.36799488,Pa
0.33732864,Pa
0.39866112,Pa
0.3066624,Pa
0.36799488,Pa
0.42932736,Pa
0.3066624,Pa
1.77864192,Pa
0.3066624,Pa
4.78393344,Pa
0.39866112,Pa
0.36799488,Pa
0.33732864,Pa
0.33732864,Pa
0.36799488,Pa
0.3066624,Pa
0.3066624,Pa
0.39866112,Pa
1.6866432,Pa
0.52132608,Pa
3.28128768,Pa
0.33732864,Pa
0.33732864,Pa
0.64399104,Pa
0.3066624,Pa
0.33732864,Pa
1.16531712,Pa
0.33732864,Pa
0.33732864,Pa
0.36799488,Pa
0.39866112,Pa
0.3066624,Pa
0.36799488,Pa
0.6133248,Pa
0.64399104,Pa
0.4599936,Pa
0.36799488,Pa
0.70532352,Pa
0.4599936,Pa
1.16531712,Pa
1.6866432,Pa
0.64399104,Pa
0.6133248,Pa
1.2266496,Pa
0.33732864,Pa
0.3066624,Pa
0.3066624,Pa
0.39866112,Pa
0.3066624,Pa
0.36799488,Pa
0.36799488,Pa
1.47197952,Pa
0.766656,Pa
0.3066624,Pa
0.3066624,Pa
0.3066624,Pa
0.85865472,Pa
0.67465728,Pa
0.3066624,Pa
4.41593856,Pa
0.3066624,Pa
0.49065984,Pa
0.4599936,Pa
0.33732864,Pa
0.33732864,Pa
0.3066624,Pa
0.64399104,Pa
0.39866112,Pa
0.3066624,Pa
1.19598336,Pa
1.28798208,Pa
0.33732864,Pa
0.3066624,Pa
0.3066624,Pa
0.39866112,Pa
0.3066624,Pa
1.19598336,Pa
1.2266496,Pa
8.15721984,Pa
0.33732864,Pa
0.36799488,Pa
0.3066624,Pa
0.36799488,Pa
0.88932096,Pa
1.9933056,Pa
3.12795648,Pa
0.39866112,Pa
0.6133248,Pa
0.39866112,Pa
1.16531712,Pa
1.59464448,Pa
0.95065344,Pa
0.42932736,Pa
0.9199872,Pa
0.67465728,Pa
0.70532352,Pa
4.72260096,Pa
0.70532352,Pa
0.3066624,Pa
1.19598336,Pa
0.85865472,Pa
2.7599616,Pa
0.4599936,Pa
1.87064064,Pa
0.36799488,Pa
0.33732864,Pa
0.36799488,Pa
1.04265216,Pa
0.33732864,Pa
0.33732864,Pa
0.64399104,Pa
0.82798848,Pa
1.01198592,Pa
0.3066624,Pa
0.33732864,Pa
0.36799488,Pa
0.3066624,Pa
0.36799488,Pa
0.3066624,Pa
0.98131968,Pa
0.52132608,Pa
0.39866112,Pa
0.55199232,Pa
0.67465728,Pa
0.3066624,Pa
0.67465728,Pa
0.36799488,Pa
0.42932736,Pa
0.39866112,Pa
0.3066624,Pa
0.36799488,Pa
0.3066624,Pa
0.3066624,Pa
0.58265856,Pa
2.51463168,Pa
0.67465728,Pa
0.3066624,Pa
0.33732864,Pa
0.33732864,Pa
1.34931456,Pa
0.70532352,Pa
1.13465088,Pa
1.16531712,Pa
0.33732864,Pa
0.39866112,Pa
0.95065344,Pa
1.19598336,Pa
0.36799488,Pa
0.3066624,Pa
1.74797568,Pa
0.39866112,Pa
1.8399744,Pa
0.52132608,Pa
0.36799488,Pa
0.70532352,Pa
0.64399104,Pa
0.73598976,Pa
1.8399744,Pa
0.3066624,Pa
0.33732864,Pa
0.3066624,Pa
0.73598976,Pa
0.33732864,Pa
0.3066624,Pa
0.49065984,Pa
0.33732864,Pa
0.39866112,Pa
0.33732864,Pa
0.3066624,Pa
0.33732864,Pa
0.3066624,Pa
0.64399104,Pa
0.39866112,Pa
0.39866112,Pa
0.70532352,Pa
0.33732864,Pa
2.05463808,Pa
0.67465728,Pa
0.79732224,Pa
0.73598976,Pa
0.88932096,Pa
0.36799488,Pa
0.36799488,Pa
0.3066624,Pa
0.33732864,Pa
5.79591936,Pa
0.36799488,Pa
1.59464448,Pa
2.02397184,Pa
0.36799488,Pa
0.33732864,Pa
1.34931456,Pa
0.67465728,Pa
0.33732864,Pa
0.6133248,Pa
0.3066624,Pa
1.25731584,Pa
0.3066624,Pa
2.54529792,Pa
0.98131968,Pa
0.42932736,Pa
1.6866432,Pa
0.4599936,Pa
1.47197952,Pa
0.70532352,Pa
0.33732864,Pa
0.36799488,Pa
1.3799808,Pa
0.98131968,Pa
0.33732864,Pa
0.39866112,Pa
0.82798848,Pa
0.88932096,Pa
0.4599936,Pa
1.10398464,Pa
0.79732224,Pa
0.3066624,Pa
0.33732864,Pa
1.28798208,Pa
0.33732864,Pa
0.98131968,Pa
0.766656,Pa
0.33732864,Pa
0.3066624,Pa
0.52132608,Pa
1.34931456,Pa
1.04265216,Pa
0.82798848,Pa
0.6133248,Pa
1.19598336,Pa
0.33732864,Pa
1.59464448,Pa
0.3066624,Pa
1.16531712,Pa
0.3066624,Pa
0.3066624,Pa
1.47197952,Pa
0.36799488,Pa
0.52132608,Pa
0.3066624,Pa
1.3799808,Pa
1.3799808,Pa
0.42932736,Pa
0.3066624,Pa
1.59464448,Pa
0.36799488,Pa
1.34931456,Pa
0.3066624,Pa
1.31864832,Pa
0.39866112,Pa
0.39866112,Pa
0.42932736,Pa
0.52132608,Pa
0.79732224,Pa
2.36130048,Pa
0.3066624,Pa
0.3066624,Pa
0.67465728,Pa
0.3066624,Pa
2.63729664,Pa
0.33732864,Pa
2.26930176,Pa
1.8399744,Pa
0.33732864,Pa
2.05463808,Pa
1.56397824,Pa
0.55199232,Pa
0.4599936,Pa
0.52132608,Pa
0.3066624,Pa
0.42932736,Pa
1.2266496,Pa
0.33732864,Pa
0.39866112,Pa
0.4599936,Pa
0.82798848,Pa
2.11597056,Pa
0.6133248,Pa
0.49065984,Pa
0.42932736,Pa
1.31864832,Pa
0.39866112,Pa
0.3066624,Pa
0.33732864,Pa
2.05463808,Pa
0.36799488,Pa
0.64399104,Pa
0.766656,Pa
0.42932736,Pa
1.31864832,Pa
0.36799488,Pa
1.44131328,Pa
1.16531712,Pa
0.3066624,Pa
0.98131968,Pa
0.33732864,Pa
1.25731584,Pa
5.27459328,Pa
2.66796288,Pa
0.55199232,Pa
0.67465728,Pa
0.42932736,Pa
4.81459968,Pa
0.33732864,Pa
5.24392704,Pa
0.3066624,Pa
0.70532352,Pa
2.82129408,Pa
1.01198592,Pa
0.98131968,Pa
0.36799488,Pa
0.36799488,Pa
0.42932736,Pa
0.3066624,Pa
0.70532352,Pa
0.42932736,Pa
0.3066624,Pa
0.33732864,Pa
0.3066624,Pa
1.96263936,Pa
0.42932736,Pa
0.3066624,Pa
0.3066624,Pa
0.42932736,Pa
3.15862272,Pa
0.39866112,Pa
2.20796928,Pa
0.6133248,Pa
0.33732864,Pa
0.42932736,Pa
0.3066624,Pa
1.10398464,Pa
3.46528512,Pa
3.49595136,Pa
0.42932736,Pa
0.3066624,Pa
0.6133248,Pa
0.70532352,Pa
0.3066624,Pa
1.6866432,Pa
0.52132608,Pa
0.58265856,Pa
0.73598976,Pa
0.39866112,Pa
0.70532352,Pa
2.26930176,Pa
1.13465088,Pa
0.73598976,Pa
0.39866112,Pa
0.82798848,Pa
1.96263936,Pa
0.36799488,Pa
0.3066624,Pa
1.34931456,Pa
0.33732864,Pa
0.3066624,Pa
0.49065984,Pa
0.67465728,Pa
0.33732864,Pa
0.33732864,Pa
0.33732864,Pa
0.3066624,Pa
0.88932096,Pa
0.79732224,Pa
0.36799488,Pa
0.42932736,Pa
0.3066624,Pa
2.11597056,Pa
0.36799488,Pa
2.08530432,Pa
0.3066624,Pa
0.70532352,Pa
0.33732864,Pa
0.6133248,Pa
0.33732864,Pa
0.36799488,Pa
0.33732864,Pa
1.8399744,Pa
1.71730944,Pa
0.85865472,Pa
0.3066624,Pa
2.63729664,Pa
0.70532352,Pa
0.4599936,Pa
0.766656,Pa
0.3066624,Pa
0.36799488,Pa
4.01727744,Pa
0.3066624,Pa
0.36799488,Pa
1.41064704,Pa
0.73598976,Pa
1.533312,Pa
0.85865472,Pa
0.3066624,Pa
0.49065984,Pa
0.39866112,Pa
0.39866112,Pa
1.01198592,Pa
1.80930816,Pa
0.42932736,Pa
0.33732864,Pa
1.47197952,Pa
0.33732864,Pa
0.36799488,Pa
0.42932736,Pa
0.39866112,Pa
0.3066624,Pa
0.3066624,Pa
0.49065984,Pa
0.39866112,Pa
1.04265216,Pa
0.6133248,Pa
2.17730304,Pa
1.31864832,Pa
0.73598976,Pa
0.33732864,Pa
1.13465088,Pa
0.33732864,Pa
0.3066624,Pa
0.33732864,Pa
1.71730944,Pa
2.63729664,Pa
0.3066624,Pa
0.42932736,Pa
0.42932736,Pa
0.6133248,Pa
0.3066624,Pa
0.33732864,Pa
0.36799488,Pa
0.33732864,Pa
0.33732864,Pa
0.4599936,Pa
0.3066624,Pa
0.36799488,Pa
0.3066624,Pa
0.39866112,Pa
0.64399104,Pa
0.33732864,Pa
0.766656,Pa
0.39866112,Pa
1.01198592,Pa
0.4599936,Pa
0.3066624,Pa
0.64399104,Pa
0.49065984,Pa
1.16531712,Pa
1.41064704,Pa
0.33732864,Pa
0.33732864,Pa
2.51463168,Pa
1.41064704,Pa
0.9199872,Pa
0.67465728,Pa
0.79732224,Pa
0.3066624,Pa
1.47197952,Pa
0.3066624,Pa
0.9199872,Pa
0.33732864,Pa
0.3066624,Pa
0.42932736,Pa
0.3066624,Pa
0.85865472,Pa
5.18259456,Pa
0.9199872,Pa
0.3066624,Pa
0.33732864,Pa
1.47197952,Pa
1.28798208,Pa
0.67465728,Pa
0.95065344,Pa
0.79732224,Pa
0.3066624,Pa
0.33732864,Pa
0.67465728,Pa
0.98131968,Pa
1.34931456,Pa
1.04265216,Pa
0.3066624,Pa
1.59464448,Pa
2.82129408,Pa
3.03595776,Pa
0.73598976,Pa
0.70532352,Pa
0.4599936,Pa
0.33732864,Pa
0.39866112,Pa
0.70532352,Pa
0.64399104,Pa
2.39196672,Pa
0.3066624,Pa
0.33732864,Pa
2.33063424,Pa
0.73598976,Pa
0.58265856,Pa
0.3066624,Pa
0.39866112,Pa
0.3066624,Pa
3.40395264,Pa
0.33732864,Pa
0.67465728,Pa
0.49065984,Pa
0.36799488,Pa
0.4599936,Pa
0.49065984,Pa
0.3066624,Pa
0.3066624,Pa
0.79732224,Pa
0.39866112,Pa
0.42932736,Pa
0.36799488,Pa
1.04265216,Pa
0.82798848,Pa
1.41064704,Pa
0.39866112,Pa
0.70532352,Pa
0.3066624,Pa
0.3066624,Pa
0.766656,Pa
0.55199232,Pa
0.42932736,Pa
0.3066624,Pa
0.49065984,Pa
1.65597696,Pa
0.3066624,Pa
0.33732864,Pa
0.98131968,Pa
0.36799488,Pa
0.3066624,Pa
0.33732864,Pa
4.20127488,Pa
0.33732864,Pa
0.36799488,Pa
0.3066624,Pa
0.4599936,Pa
0.49065984,Pa
4.17060864,Pa
1.34931456,Pa
0.58265856,Pa
1.6866432,Pa
0.67465728,Pa
0.33732864,Pa
1.80930816,Pa
0.3066624,Pa
2.42263296,Pa
0.4599936,Pa
0.3066624,Pa
1.13465088,Pa
0.36799488,Pa
0.3066624,Pa
0.39866112,Pa
0.36799488,Pa
0.36799488,Pa
1.01198592,Pa
0.73598976,Pa
0.33732864,Pa
5.64258816,Pa
0.3066624,Pa
1.56397824,Pa
1.01198592,Pa
1.2266496,Pa
0.39866112,Pa
1.10398464,Pa
0.33732864,Pa
1.01198592,Pa
0.79732224,Pa
0.3066624,Pa
0.79732224,Pa
0.4599936,Pa
0.67465728,Pa
0.36799488,Pa
0.55199232,Pa
0.3066624,Pa
1.01198592,Pa
0.64399104,Pa
3.34262016,Pa
2.26930176,Pa
2.6066304,Pa
0.3066624,Pa
0.36799488,Pa
0.3066624,Pa
0.766656,Pa
0.64399104,Pa
0.42932736,Pa
0.79732224,Pa
1.90130688,Pa
4.41593856,Pa
11.1931776,Pa
0.33732864,Pa
0.52132608,Pa
0.39866112,Pa
0.95065344,Pa
0.70532352,Pa
0.98131968,Pa
1.90130688,Pa
0.39866112,Pa
1.19598336,Pa
1.13465088,Pa
1.04265216,Pa
0.70532352,Pa
0.3066624,Pa
0.49065984,Pa
0.70532352,Pa
0.3066624,Pa
0.33732864,Pa
0.33732864,Pa
0.766656,Pa
1.59464448,Pa
0.36799488,Pa
1.10398464,Pa
0.3066624,Pa
0.6133248,Pa
11.13184512,Pa
2.88262656,Pa
0.33732864,Pa
0.36799488,Pa
0.3066624,Pa
1.59464448,Pa
0.3066624,Pa
0.3066624,Pa
0.4599936,Pa
0.3066624,Pa
1.16531712,Pa
1.13465088,Pa
0.3066624,Pa
1.0733184,Pa
1.25731584,Pa
3.77194752,Pa
0.36799488,Pa
0.67465728,Pa
2.11597056,Pa
0.39866112,Pa
0.64399104,Pa
0.79732224,Pa
2.39196672,Pa
0.95065344,Pa
0.52132608,Pa
0.95065344,Pa
0.52132608,Pa
0.9199872,Pa
1.87064064,Pa
0.3066624,Pa
0.82798848,Pa
0.36799488,Pa
2.54529792,Pa
0.39866112,Pa
1.65597696,Pa
1.01198592,Pa
0.33732864,Pa
1.47197952,Pa
0.52132608,Pa
1.6866432,Pa
0.33732864,Pa
0.33732864,Pa
1.80930816,Pa
0.3066624,Pa
0.70532352,Pa
0.3066624,Pa
0.39866112,Pa
0.3066624,Pa
0.3066624,Pa
0.33732864,Pa
0.9199872,Pa
1.71730944,Pa
0.64399104,Pa
0.79732224,Pa
0.58265856,Pa
0.3066624,Pa
0.39866112,Pa
2.17730304,Pa
0.3066624,Pa
1.96263936,Pa
0.3066624,Pa
1.65597696,Pa
0.33732864,Pa
0.36799488,Pa
0.33732864,Pa
2.23863552,Pa
0.36799488,Pa
0.36799488,Pa
0.3066624,Pa
0.3066624,Pa
1.04265216,Pa
0.39866112,Pa
0.33732864,Pa
0.3066624,Pa
1.533312,Pa
0.3066624,Pa
1.74797568,Pa
0.73598976,Pa
1.0733184,Pa
0.36799488,Pa
0.33732864,Pa
1.56397824,Pa
1.28798208,Pa
0.3066624,Pa
0.67465728,Pa
0.33732864,Pa
0.70532352,Pa
0.33732864,Pa
2.72929536,Pa
0.36799488,Pa
0.39866112,Pa
0.39866112,Pa
0.36799488,Pa
1.50264576,Pa
0.70532352,Pa
0.73598976,Pa
0.3066624,Pa
0.70532352,Pa
0.3066624,Pa
0.36799488,Pa
0.36799488,Pa
0.3066624,Pa
5.366592,Pa
0.3066624,Pa
1.16531712,Pa
0.36799488,Pa
0.766656,Pa
0.79732224,Pa
2.7599616,Pa
1.80930816,Pa
0.3066624,Pa
0.33732864,Pa
0.3066624,Pa
0.766656,Pa
0.4599936,Pa
1.87064064,Pa
1.2266496,Pa
0.73598976,Pa
0.79732224,Pa
0.39866112,Pa
0.42932736,Pa
0.85865472,Pa
0.49065984,Pa
0.49065984,Pa
0.9199872,Pa
0.6133248,Pa
0.55199232,Pa
3.64928256,Pa
3.49595136,Pa
1.3799808,Pa
0.4599936,Pa
1.2266496,Pa
0.36799488,Pa
0.3066624,Pa
1.04265216,Pa
0.36799488,Pa
1.01198592,Pa
0.55199232,Pa
0.3066624,Pa
1.77864192,Pa
0.9199872,Pa
0.42932736,Pa
0.766656,Pa
0.39866112,Pa
1.56397824,Pa
0.49065984,Pa
0.3066624,Pa
0.33732864,Pa
0.49065984,Pa
0.3066624,Pa
0.3066624,Pa
0.3066624,Pa
0.42932736,Pa
2.82129408,Pa
1.31864832,Pa
0.3066624,Pa
0.33732864,Pa
0.33732864,Pa
3.77194752,Pa
0.3066624,Pa
0.3066624,Pa
0.3066624,Pa
0.3066624,Pa
1.04265216,Pa
0.766656,Pa
0.4599936,Pa
0.33732864,Pa
1.80930816,Pa
0.36799488,Pa
1.2266496,Pa
0.55199232,Pa
1.47197952,Pa
1.04265216,Pa
0.3066624,Pa
0.36799488,Pa
0.4599936,Pa
0.36799488,Pa
2.05463808,Pa
0.49065984,Pa
0.58265856,Pa
0.85865472,Pa
0.3066624,Pa
0.39866112,Pa
0.3066624,Pa
2.48396544,Pa
0.42932736,Pa
0.3066624,Pa
0.73598976,Pa
1.65597696,Pa
0.33732864,Pa
4.66126848,Pa
1.16531712,Pa
0.3066624,Pa
0.3066624,Pa
0.42932736,Pa
0.766656,Pa
0.3066624,Pa
0.33732864,Pa
4.66126848,Pa
0.3066624,Pa
2.08530432,Pa
2.57596416,Pa
0.9199872,Pa
0.67465728,Pa
0.3066624,Pa
0.49065984,Pa
0.36799488,Pa
0.4599936,Pa
1.6866432,Pa
1.19598336,Pa
0.36799488,Pa
0.3066624,Pa
0.85865472,Pa
2.97462528,Pa
1.90130688,Pa
1.96263936,Pa
1.0733184,Pa
0.3066624,Pa
0.85865472,Pa
0.3066624,Pa
2.72929536,Pa
0.36799488,Pa
0.73598976,Pa
1.3799808,Pa
0.3066624,Pa
0.33732864,Pa
0.64399104,Pa
0.3066624,Pa
0.3066624,Pa
0.33732864,Pa
0.36799488,Pa
2.94395904,Pa
1.90130688,Pa
0.33732864,Pa
0.33732864,Pa
0.79732224,Pa
1.16531712,Pa
0.58265856,Pa
2.11597056,Pa
0.3066624,Pa
0.36799488,Pa
0.33732864,Pa
2.39196672,Pa
0.36799488,Pa
0.3066624,Pa
1.59464448,Pa
1.44131328,Pa
0.42932736,Pa
0.73598976,Pa
0.49065984,Pa
0.36799488,Pa
0.82798848,Pa
1.2266496,Pa
0.79732224,Pa
0.42932736,Pa
0.64399104,Pa
1.25731584,Pa
0.49065984,Pa
1.533312,Pa
2.4532992,Pa
1.44131328,Pa
0.85865472,Pa
0.39866112,Pa
0.766656,Pa
8.64787968,Pa
0.3066624,Pa
0.3066624,Pa
0.42932736,Pa
0.3066624,Pa
0.9199872,Pa
0.52132608,Pa
0.33732864,Pa
0.39866112,Pa
0.6133248,Pa
0.36799488,Pa
0.33732864,Pa
0.3066624,Pa
0.36799488,Pa
0.3066624,Pa
0.3066624,Pa
0.64399104,Pa
0.33732864,Pa
0.39866112,Pa
0.3066624,Pa
1.25731584,Pa
0.3066624,Pa
0.49065984,Pa
0.67465728,Pa
0.39866112,Pa
1.16531712,Pa
0.73598976,Pa
0.39866112,Pa
0.85865472,Pa
0.33732864,Pa
0.33732864,Pa
0.3066624,Pa
0.42932736,Pa
0.3066624,Pa
0.36799488,Pa
0.88932096,Pa
0.73598976,Pa
0.3066624,Pa
0.39866112,Pa
0.3066624,Pa
0.3066624,Pa
0.42932736,Pa
1.2266496,Pa
0.36799488,Pa
0.95065344,Pa
0.39866112,Pa
0.36799488,Pa
0.49065984,Pa
0.3066624,Pa
0.82798848,Pa
0.64399104,Pa
0.36799488,Pa
0.39866112,Pa
0.85865472,Pa
0.3066624,Pa
0.70532352,Pa
1.47197952,Pa
0.4599936,Pa
0.33732864,Pa
0.49065984,Pa
0.36799488,Pa
0.3066624,Pa
1.74797568,Pa
0.82798848,Pa
2.05463808,Pa
0.3066624,Pa
0.3066624,Pa
5.79591936,Pa
0.3066624,Pa
0.33732864,Pa
0.39866112,Pa
0.82798848,Pa
0.6133248,Pa
0.39866112,Pa
2.54529792,Pa
0.3066624,Pa
1.56397824,Pa
0.52132608,Pa
0.33732864,Pa
1.13465088,Pa
0.33732864,Pa
0.73598976,Pa
0.3066624,Pa
0.33732864,Pa
1.19598336,Pa
0.73598976,Pa
0.33732864,Pa
0.9199872,Pa
0.9199872,Pa
0.67465728,Pa
0.3066624,Pa
0.64399104,Pa
0.33732864,Pa
1.3799808,Pa
0.67465728,Pa
0.6133248,Pa
0.33732864,Pa
0.3066624,Pa
0.70532352,Pa
1.16531712,Pa
0.55199232,Pa
0.3066624,Pa
0.3066624,Pa
0.70532352,Pa
0.58265856,Pa
0.49065984,Pa
0.39866112,Pa
0.3066624,Pa
0.3066624,Pa
0.3066624,Pa
0.88932096,Pa
0.3066624,Pa
1.77864192,Pa
2.66796288,Pa
0.3066624,Pa
0.3066624,Pa
0.42932736,Pa
0.3066624,Pa
1.16531712,Pa
0.3066624,Pa
1.34931456,Pa
0.3066624,Pa
0.4599936,Pa
0.70532352,Pa
0.36799488,Pa
0.36799488,Pa
0.3066624,Pa
0.6133248,Pa
1.41064704,Pa
0.33732864,Pa
1.41064704,Pa
2.72929536,Pa
0.39866112,Pa
0.39866112,Pa
0.82798848,Pa
0.3066624,Pa
0.33732864,Pa
0.39866112,Pa
0.33732864,Pa
0.88932096,Pa
0.39866112,Pa
0.36799488,Pa
1.6866432,Pa
1.71730944,Pa
0.6133248,Pa
1.0733184,Pa
0.85865472,Pa
1.41064704,Pa
0.73598976,Pa
0.3066624,Pa
0.3066624,Pa
0.73598976,Pa
0.64399104,Pa
1.3799808,Pa
1.34931456,Pa
0.3066624,Pa
0.95065344,Pa
0.3066624,Pa
0.3066624,Pa
0.3066624,Pa
0.33732864,Pa
0.39866112,Pa
0.39866112,Pa
0.39866112,Pa
0.67465728,Pa
4.66126848,Pa
0.9199872,Pa
0.39866112,Pa
0.64399104,Pa
0.49065984,Pa
0.3066624,Pa
0.3066624,Pa
1.71730944,Pa
0.3066624,Pa
0.82798848,Pa
0.3066624,Pa
0.98131968,Pa
0.67465728,Pa
0.36799488,Pa
0.39866112,Pa
0.52132608,Pa
3.46528512,Pa
0.33732864,Pa
2.66796288,Pa
1.25731584,Pa
0.3066624,Pa
0.49065984,Pa
0.3066624,Pa
0.3066624,Pa
0.42932736,Pa
0.3066624,Pa
0.73598976,Pa
0.39866112,Pa
0.3066624,Pa
0.39866112,Pa
0.3066624,Pa
0.36799488,Pa
0.4599936,Pa
0.36799488,Pa
2.94395904,Pa
0.3066624,Pa
1.28798208,Pa
0.73598976,Pa
0.3066624,Pa
0.64399104,Pa
1.56397824,Pa
0.98131968,Pa
0.33732864,Pa
5.91858432,Pa
0.3066624,Pa
1.19598336,Pa
1.93197312,Pa
0.766656,Pa
0.64399104,Pa
0.36799488,Pa
1.3799808,Pa
0.3066624,Pa
0.64399104,Pa
0.9199872,Pa
1.6866432,Pa
0.33732864,Pa
0.49065984,Pa
2.54529792,Pa
0.33732864,Pa
0.85865472,Pa
0.33732864,Pa
0.36799488,Pa
0.3066624,Pa
0.3066624,Pa
0.3066624,Pa
0.36799488,Pa
2.63729664,Pa
1.6866432,Pa
0.33732864,Pa
0.33732864,Pa
1.87064064,Pa
0.70532352,Pa
0.766656,Pa
0.3066624,Pa
0.79732224,Pa
0.88932096,Pa
0.33732864,Pa
1.13465088,Pa
0.3066624,Pa
0.4599936,Pa
0.36799488,Pa
0.4599936,Pa
0.4599936,Pa
0.3066624,Pa
0.70532352,Pa
2.63729664,Pa
0.36799488,Pa
1.2266496,Pa
0.33732864,Pa
1.16531712,Pa
0.36799488,Pa
0.33732864,Pa
0.33732864,Pa
0.766656,Pa
0.33732864,Pa
0.33732864,Pa
0.70532352,Pa
0.4599936,Pa
0.33732864,Pa
0.3066624,Pa
0.73598976,Pa
0.3066624,Pa
0.70532352,Pa
0.3066624,Pa
0.36799488,Pa
0.82798848,Pa
0.766656,Pa
0.3066624,Pa
0.3066624,Pa
0.36799488,Pa
1.2266496,Pa
0.3066624,Pa
0.3066624,Pa
0.4599936,Pa
0.3066624,Pa
0.36799488,Pa
0.33732864,Pa
0.3066624,Pa
0.3066624,Pa
0.3066624,Pa
1.10398464,Pa
0.3066624,Pa
0.95065344,Pa
0.4599936,Pa
0.42932736,Pa
0.3066624,Pa
0.3066624,Pa
0.33732864,Pa
0.33732864,Pa
0.36799488,Pa
0.3066624,Pa
0.88932096,Pa
0.49065984,Pa
1.87064064,Pa
0.3066624,Pa
1.77864192,Pa
2.39196672,Pa
0.42932736,Pa
0.39866112,Pa
0.33732864,Pa
0.3066624,Pa
1.71730944,Pa
0.6133248,Pa
0.3066624,Pa
0.6133248,Pa
1.13465088,Pa
0.33732864,Pa
0.33732864,Pa
1.16531712,Pa
1.0733184,Pa
2.26930176,Pa
0.3066624,Pa
0.39866112,Pa
0.88932096,Pa
0.70532352,Pa
1.10398464,Pa
1.0733184,Pa
0.33732864,Pa
2.26930176,Pa
0.33732864,Pa
0.36799488,Pa
0.6133248,Pa
0.3066624,Pa
0.33732864,Pa
0.52132608,Pa
0.52132608,Pa
0.6133248,Pa
0.64399104,Pa
0.3066624,Pa
1.25731584,Pa
0.36799488,Pa
3.066624,Pa
0.3066624,Pa
0.3066624,Pa
0.73598976,Pa
0.3066624,Pa
0.39866112,Pa
0.766656,Pa
0.49065984,Pa
0.6133248,Pa
2.23863552,Pa
0.4599936,Pa
2.94395904,Pa
0.49065984,Pa
0.36799488,Pa
0.36799488,Pa
0.3066624,Pa
0.70532352,Pa
0.3066624,Pa
1.25731584,Pa
0.36799488,Pa
0.33732864,Pa
0.42932736,Pa
0.33732864,Pa
0.4599936,Pa
0.85865472,Pa
2.88262656,Pa
0.39866112,Pa
0.73598976,Pa
0.4599936,Pa
0.33732864,Pa
0.39866112,Pa
0.3066624,Pa
1.533312,Pa
0.3066624,Pa
1.90130688,Pa
0.36799488,Pa
0.49065984,Pa
0.33732864,Pa
0.42932736,Pa
0.36799488,Pa
1.56397824,Pa
0.3066624,Pa
0.70532352,Pa
3.31195392,Pa
0.36799488,Pa
0.4599936,Pa
0.3066624,Pa
3.066624,Pa
1.3799808,Pa
0.39866112,Pa
0.52132608,Pa
0.39866112,Pa
0.73598976,Pa
0.3066624,Pa
1.0733184,Pa
0.42932736,Pa
0.36799488,Pa
0.70532352,Pa
0.42932736,Pa
0.42932736,Pa
1.2266496,Pa
0.55199232,Pa
0.33732864,Pa
0.36799488,Pa
0.33732864,Pa
0.3066624,Pa
0.3066624,Pa
0.766656,Pa
0.36799488,Pa
1.34931456,Pa
1.71730944,Pa
0.33732864,Pa
0.39866112,Pa
0.39866112,Pa
2.69862912,Pa
3.55728384,Pa
1.13465088,Pa
0.3066624,Pa
0.36799488,Pa
0.3066624,Pa
1.62531072,Pa
4.63060224,Pa
0.67465728,Pa
0.98131968,Pa
0.33732864,Pa
0.73598976,Pa
0.36799488,Pa
2.36130048,Pa
0.6133248,Pa
0.36799488,Pa
0.39866112,Pa
1.04265216,Pa
0.36799488,Pa
2.88262656,Pa
0.85865472,Pa
1.0733184,Pa
0.52132608,Pa
0.33732864,Pa
0.766656,Pa
0.33732864,Pa
0.33732864,Pa
0.3066624,Pa
0.36799488,Pa
0.82798848,Pa
0.4599936,Pa
0.36799488,Pa
1.3799808,Pa
0.33732864,Pa
0.64399104,Pa
0.98131968,Pa
0.36799488,Pa
0.58265856,Pa
1.47197952,Pa
0.33732864,Pa
0.52132608,Pa
1.01198592,Pa
0.3066624,Pa
0.33732864,Pa
0.3066624,Pa
0.36799488,Pa
0.55199232,Pa
1.3799808,Pa
0.3066624,Pa
0.82798848,Pa
0.36799488,Pa
0.3066624,Pa
0.36799488,Pa
1.8399744,Pa
0.33732864,Pa
0.33732864,Pa
0.42932736,Pa
0.3066624,Pa
3.64928256,Pa
0.42932736,Pa
0.3066624,Pa
0.3066624,Pa
0.39866112,Pa
0.58265856,Pa
0.33732864,Pa
2.33063424,Pa
0.33732864,Pa
0.36799488,Pa
0.33732864,Pa
0.4599936,Pa
0.3066624,Pa
0.3066624,Pa
0.58265856,Pa
0.33732864,Pa
0.3066624,Pa
0.6133248,Pa
0.766656,Pa
5.15192832,Pa
0.33732864,Pa
0.73598976,Pa
0.33732864,Pa
2.36130048,Pa
0.55199232,Pa
0.52132608,Pa
0.9199872,Pa
0.73598976,Pa
1.16531712,Pa
5.09059584,Pa
1.44131328,Pa
0.3066624,Pa
0.36799488,Pa
0.3066624,Pa
0.33732864,Pa
0.6133248,Pa
0.33732864,Pa
0.3066624,Pa
3.92527872,Pa
1.28798208,Pa
0.33732864,Pa
0.36799488,Pa
0.70532352,Pa
0.39866112,Pa
1.01198592,Pa
0.766656,Pa
0.3066624,Pa
0.33732864,Pa
1.25731584,Pa
1.71730944,Pa
2.23863552,Pa
0.36799488,Pa
0.33732864,Pa
0.36799488,Pa
2.299968,Pa
0.39866112,Pa
0.33732864,Pa
0.79732224,Pa
0.42932736,Pa
0.70532352,Pa
1.41064704,Pa
0.82798848,Pa
2.36130048,Pa
0.70532352,Pa
0.3066624,Pa
0.4599936,Pa
2.26930176,Pa
0.3066624,Pa
0.33732864,Pa
0.39866112,Pa
1.16531712,Pa
0.3066624,Pa
0.36799488,Pa
0.3066624,Pa
0.3066624,Pa
1.533312,Pa
1.10398464,Pa
1.31864832,Pa
0.33732864,Pa
0.85865472,Pa
1.74797568,Pa
1.19598336,Pa
0.70532352,Pa
0.36799488,Pa
0.3066624,Pa
0.33732864,Pa
0.33732864,Pa
0.64399104,Pa
0.3066624,Pa
0.39866112,Pa
0.67465728,Pa
0.33732864,Pa
0.52132608,Pa
0.766656,Pa
1.59464448,Pa
4.41593856,Pa
2.48396544,Pa
3.09729024,Pa
2.33063424,Pa
0.70532352,Pa
0.36799488,Pa
0.33732864,Pa
0.58265856,Pa
0.36799488,Pa
0.3066624,Pa
0.33732864,Pa
0.4599936,Pa
1.31864832,Pa
0.42932736,Pa
0.3066624,Pa
0.33732864,Pa
0.33732864,Pa
1.50264576,Pa
0.70532352,Pa
0.39866112,Pa
0.33732864,Pa
0.33732864,Pa
0.36799488,Pa
0.33732864,Pa
0.33732864,Pa
0.36799488,Pa
0.33732864,Pa
0.64399104,Pa
0.42932736,Pa
0.3066624,Pa
0.73598976,Pa
0.3066624,Pa
0.9199872,Pa
0.33732864,Pa
0.64399104,Pa
0.73598976,Pa
0.70532352,Pa
0.49065984,Pa
0.3066624,Pa
2.39196672,Pa
2.42263296,Pa
0.70532352,Pa
2.85196032,Pa
0.33732864,Pa
1.34931456,Pa
0.39866112,Pa
0.3066624,Pa
0.36799488,Pa
0.33732864,Pa
2.02397184,Pa
0.67465728,Pa
2.299968,Pa
0.42932736,Pa
1.0733184,Pa
1.90130688,Pa
0.42932736,Pa
0.33732864,Pa
0.3066624,Pa
0.33732864,Pa
0.33732864,Pa
0.64399104,Pa
9.47586816,Pa
0.3066624,Pa
0.4599936,Pa
0.766656,Pa
0.3066624,Pa
1.74797568,Pa
0.3066624,Pa
0.67465728,Pa
0.3066624,Pa
0.33732864,Pa
0.36799488,Pa
0.3066624,Pa
0.36799488,Pa
0.70532352,Pa
0.39866112,Pa
0.3066624,Pa
0.9199872,Pa
1.44131328,Pa
0.3066624,Pa
1.3799808,Pa
0.4599936,Pa
1.533312,Pa
0.36799488,Pa
0.33732864,Pa
0.33732864,Pa
0.33732864,Pa
0.36799488,Pa
3.15862272,Pa
1.28798208,Pa
0.42932736,Pa
0.33732864,Pa
0.766656,Pa
0.39866112,Pa
0.70532352,Pa
0.3066624,Pa
0.36799488,Pa
0.33732864,Pa
0.52132608,Pa
0.73598976,Pa
0.33732864,Pa
0.82798848,Pa
0.79732224,Pa
0.33732864,Pa
0.58265856,Pa
0.55199232,Pa
0.39866112,Pa
0.3066624,Pa
1.28798208,Pa
0.85865472,Pa
0.39866112,Pa
0.33732864,Pa
0.3066624,Pa
0.3066624,Pa
1.74797568,Pa
0.36799488,Pa
0.36799488,Pa
0.42932736,Pa
1.19598336,Pa
0.36799488,Pa
0.67465728,Pa
0.36799488,Pa
0.766656,Pa
0.49065984,Pa
1.44131328,Pa
0.33732864,Pa
0.79732224,Pa
1.10398464,Pa
0.52132608,Pa
0.42932736,Pa
0.36799488,Pa
0.33732864,Pa
0.39866112,Pa
0.33732864,Pa
0.3066624,Pa
0.39866112,Pa
1.71730944,Pa
0.79732224,Pa
0.36799488,Pa
0.82798848,Pa
0.3066624,Pa
1.04265216,Pa
1.34931456,Pa
0.39866112,Pa
0.4599936,Pa
0.67465728,Pa
1.0733184,Pa
0.3066624,Pa
0.3066624,Pa
0.33732864,Pa
0.3066624,Pa
0.33732864,Pa
2.02397184,Pa
0.36799488,Pa
0.33732864,Pa
0.85865472,Pa
2.69862912,Pa
0.36799488,Pa
0.3066624,Pa
0.64399104,Pa
0.33732864,Pa
1.50264576,Pa
0.39866112,Pa
0.39866112,Pa
0.79732224,Pa
0.36799488,Pa
0.4599936,Pa
0.33732864,Pa
0.33732864,Pa
0.82798848,Pa
0.70532352,Pa
3.25062144,Pa
0.42932736,Pa
0.3066624,Pa
0.3066624,Pa
0.39866112,Pa
0.4599936,Pa
0.55199232,Pa
0.70532352,Pa
0.42932736,Pa
0.3066624,Pa
0.36799488,Pa
1.34931456,Pa
0.33732864,Pa
0.33732864,Pa
0.42932736,Pa
0.3066624,Pa
0.3066624,Pa
0.36799488,Pa
0.36799488,Pa
0.33732864,Pa
0.42932736,Pa
0.36799488,Pa
0.3066624,Pa
3.28128768,Pa
0.33732864,Pa
0.6133248,Pa
0.33732864,Pa
1.34931456,Pa
0.36799488,Pa
0.36799488,Pa
0.39866112,Pa
1.0733184,Pa
1.2266496,Pa
2.63729664,Pa
0.36799488,Pa
0.3066624,Pa
0.3066624,Pa
0.33732864,Pa
0.33732864,Pa
1.16531712,Pa
0.39866112,Pa
0.3066624,Pa
0.42932736,Pa
0.39866112,Pa
0.33732864,Pa
0.33732864,Pa
0.39866112,Pa
0.39866112,Pa
0.33732864,Pa
0.36799488,Pa
0.70532352,Pa
0.33732864,Pa
0.36799488,Pa
0.70532352,Pa
0.33732864,Pa
0.3066624,Pa
0.3066624,Pa
0.766656,Pa
0.55199232,Pa
0.39866112,Pa
0.3066624,Pa
0.88932096,Pa
0.39866112,Pa
0.3066624,Pa
0.49065984,Pa
0.3066624,Pa
0.36799488,Pa
2.33063424,Pa
0.33732864,Pa
0.33732864,Pa
1.04265216,Pa
0.64399104,Pa
0.4599936,Pa
0.36799488,Pa
0.39866112,Pa
1.16531712,Pa
0.79732224,Pa
1.19598336,Pa
0.42932736,Pa
0.33732864,Pa
2.1466368,Pa
1.50264576,Pa
1.28798208,Pa
0.85865472,Pa
0.67465728,Pa
1.34931456,Pa
2.08530432,Pa
0.766656,Pa
0.3066624,Pa
1.87064064,Pa
0.79732224,Pa
0.36799488,Pa
0.3066624,Pa
0.3066624,Pa
0.33732864,Pa
0.33732864,Pa
0.88932096,Pa
0.3066624,Pa
0.36799488,Pa
1.74797568,Pa
0.3066624,Pa
0.36799488,Pa
0.49065984,Pa
0.3066624,Pa
0.3066624,Pa
0.3066624,Pa
0.33732864,Pa
0.766656,Pa
0.39866112,Pa
1.34931456,Pa
0.36799488,Pa
0.3066624,Pa
0.3066624,Pa
0.52132608,Pa
2.33063424,Pa
0.3066624,Pa
0.33732864,Pa
0.39866112,Pa
0.3066624,Pa
0.4599936,Pa
0.33732864,Pa
2.26930176,Pa
0.39866112,Pa
0.3066624,Pa
0.36799488,Pa
1.01198592,Pa
2.23863552,Pa
0.39866112,Pa
0.73598976,Pa
0.766656,Pa
2.08530432,Pa
0.58265856,Pa
1.0733184,Pa
0.42932736,Pa
0.33732864,Pa
1.19598336,Pa
0.766656,Pa
1.2266496,Pa
1.01198592,Pa
0.82798848,Pa
0.3066624,Pa
0.3066624,Pa
0.6133248,Pa
0.36799488,Pa
0.36799488,Pa
0.33732864,Pa
0.3066624,Pa
4.99859712,Pa
0.33732864,Pa
0.36799488,Pa
1.25731584,Pa
0.39866112,Pa
0.79732224,Pa
1.2266496,Pa
1.28798208,Pa
0.73598976,Pa
0.36799488,Pa
0.42932736,Pa
3.83328,Pa
0.49065984,Pa
3.89461248,Pa
0.64399104,Pa
0.3066624,Pa
0.3066624,Pa
0.3066624,Pa
0.98131968,Pa
0.9199872,Pa
1.13465088,Pa
0.67465728,Pa
1.04265216,Pa
0.3066624,Pa
1.16531712,Pa
0.33732864,Pa
0.70532352,Pa
0.3066624,Pa
1.0733184,Pa
0.85865472,Pa
0.36799488,Pa
0.67465728,Pa
2.54529792,Pa
0.3066624,Pa
1.74797568,Pa
0.33732864,Pa
0.33732864,Pa
0.52132608,Pa
0.39866112,Pa
2.54529792,Pa
0.766656,Pa
0.33732864,Pa
0.9199872,Pa
0.3066624,Pa
0.3066624,Pa
0.39866112,Pa
0.3066624,Pa
0.88932096,Pa
0.3066624,Pa
1.31864832,Pa
0.64399104,Pa
0.42932736,Pa
0.42932736,Pa
0.85865472,Pa
0.39866112,Pa
0.3066624,Pa
0.39866112,Pa
0.36799488,Pa
1.19598336,Pa
1.01198592,Pa
0.98131968,Pa
0.64399104,Pa
0.52132608,Pa
1.87064064,Pa
0.39866112,Pa
0.3066624,Pa
0.36799488,Pa
0.36799488,Pa
0.73598976,Pa
0.67465728,Pa
0.4599936,Pa
0.82798848,Pa
1.0733184,Pa
0.98131968,Pa
0.36799488,Pa
0.70532352,Pa
0.52132608,Pa
0.3066624,Pa
0.33732864,Pa
0.3066624,Pa
0.42932736,Pa
0.33732864,Pa
0.33732864,Pa
0.3066624,Pa
1.93197312,Pa
0.33732864,Pa
0.3066624,Pa
0.3066624,Pa
0.3066624,Pa
0.3066624,Pa
0.67465728,Pa
1.25731584,Pa
0.36799488,Pa
0.49065984,Pa
0.3066624,Pa
0.82798848,Pa
0.3066624,Pa
1.28798208,Pa
0.95065344,Pa
2.69862912,Pa
0.3066624,Pa
1.34931456,Pa
0.39866112,Pa
0.3066624,Pa
0.3066624,Pa
0.39866112,Pa
0.36799488,Pa
0.42932736,Pa
0.36799488,Pa
0.33732864,Pa
0.33732864,Pa
0.88932096,Pa
0.9199872,Pa
0.33732864,Pa
0.52132608,Pa
0.3066624,Pa
0.85865472,Pa
1.31864832,Pa
0.33732864,Pa
0.85865472,Pa
0.3066624,Pa
0.3066624,Pa
0.70532352,Pa
0.42932736,Pa
1.96263936,Pa
0.55199232,Pa
0.88932096,Pa
0.3066624,Pa
0.3066624,Pa
0.3066624,Pa
1.25731584,Pa
0.3066624,Pa
0.766656,Pa
0.39866112,Pa
0.3066624,Pa
0.95065344,Pa
1.50264576,Pa
0.67465728,Pa
0.766656,Pa
0.3066624,Pa
1.77864192,Pa
1.0733184,Pa
0.3066624,Pa
0.3066624,Pa
0.82798848,Pa
0.33732864,Pa
0.3066624,Pa
0.33732864,Pa
0.79732224,Pa
0.95065344,Pa
0.3066624,Pa
0.49065984,Pa
0.3066624,Pa
0.3066624,Pa
0.55199232,Pa
0.52132608,Pa
0.3066624,Pa
0.6133248,Pa
0.3066624,Pa
2.36130048,Pa
0.36799488,Pa
0.3066624,Pa
0.9199872,Pa
0.3066624,Pa
0.70532352,Pa
0.67465728,Pa
0.3066624,Pa
0.42932736,Pa
0.4599936,Pa
0.33732864,Pa
0.85865472,Pa
0.36799488,Pa
0.39866112,Pa
0.39866112,Pa
0.4599936,Pa
1.34931456,Pa
0.3066624,Pa
0.3066624,Pa
0.3066624,Pa
0.88932096,Pa
0.33732864,Pa
0.33732864,Pa
0.33732864,Pa
1.01198592,Pa
0.3066624,Pa
0.36799488,Pa
1.31864832,Pa
0.42932736,Pa
0.33732864,Pa
0.33732864,Pa
0.36799488,Pa
0.33732864,Pa
0.39866112,Pa
2.4532992,Pa
0.33732864,Pa
0.3066624,Pa
1.56397824,Pa
2.02397184,Pa
0.766656,Pa
0.4599936,Pa
0.42932736,Pa
0.39866112,Pa
0.33732864,Pa
0.88932096,Pa
1.19598336,Pa
0.79732224,Pa
0.33732864,Pa
0.64399104,Pa
0.3066624,Pa
0.33732864,Pa
0.49065984,Pa
0.3066624,Pa
0.36799488,Pa
0.3066624,Pa
0.42932736,Pa
0.82798848,Pa
0.36799488,Pa
1.0733184,Pa
0.3066624,Pa
0.36799488,Pa
0.36799488,Pa
0.33732864,Pa
0.55199232,Pa
0.70532352,Pa
0.3066624,Pa
0.36799488,Pa
0.36799488,Pa
0.42932736,Pa
0.88932096,Pa
0.36799488,Pa
0.36799488,Pa
0.3066624,Pa
0.36799488,Pa
1.41064704,Pa
0.98131968,Pa
0.33732864,Pa
0.33732864,Pa
0.33732864,Pa
0.33732864,Pa
0.67465728,Pa
0.3066624,Pa
0.3066624,Pa
0.36799488,Pa
0.73598976,Pa
0.73598976,Pa
0.3066624,Pa
0.79732224,Pa
0.3066624,Pa
0.3066624,Pa
1.533312,Pa
0.3066624,Pa
0.36799488,Pa
0.36799488,Pa
0.3066624,Pa
1.13465088,Pa
1.34931456,Pa
0.3066624,Pa
0.6133248,Pa
1.19598336,Pa
0.33732864,Pa
0.3066624,Pa
0.39866112,Pa
0.88932096,Pa
0.36799488,Pa
0.3066624,Pa
0.42932736,Pa
0.39866112,Pa
0.3066624,Pa
0.36799488,Pa
0.3066624,Pa
0.3066624,Pa
0.6133248,Pa
0.33732864,Pa
0.33732864,Pa
0.42932736,Pa
0.3066624,Pa
0.33732864,Pa
1.93197312,Pa
0.3066624,Pa
0.33732864,Pa
0.36799488,Pa
0.3066624,Pa
0.82798848,Pa
0.82798848,Pa
0.3066624,Pa
0.33732864,Pa
0.33732864,Pa
1.59464448,Pa
0.33732864,Pa
0.33732864,Pa
0.3066624,Pa
0.98131968,Pa
0.3066624,Pa
0.33732864,Pa
0.39866112,Pa
0.36799488,Pa
1.533312,Pa
0.33732864,Pa
0.36799488,Pa
0.58265856,Pa
0.6133248,Pa
0.33732864,Pa
0.64399104,Pa
1.25731584,Pa
0.36799488,Pa
0.33732864,Pa
0.36799488,Pa
0.36799488,Pa
0.3066624,Pa
5.02926336,Pa
0.3066624,Pa
2.05463808,Pa
0.33732864,Pa
0.36799488,Pa
0.6133248,Pa
0.70532352,Pa
0.3066624,Pa
0.36799488,Pa
0.4599936,Pa
0.3066624,Pa
0.36799488,Pa
0.39866112,Pa
0.3066624,Pa
0.6133248,Pa
2.1466368,Pa
0.3066624,Pa
0.39866112,Pa
0.3066624,Pa
1.2266496,Pa
0.49065984,Pa
1.01198592,Pa
1.04265216,Pa
0.3066624,Pa
0.33732864,Pa
1.13465088,Pa
0.3066624,Pa
1.56397824,Pa
0.6133248,Pa
0.39866112,Pa
0.3066624,Pa
0.6133248,Pa
0.49065984,Pa
2.42263296,Pa
0.3066624,Pa
0.33732864,Pa
0.36799488,Pa
0.33732864,Pa
0.3066624,Pa
0.88932096,Pa
0.39866112,Pa
1.13465088,Pa
0.766656,Pa
0.36799488,Pa
0.64399104,Pa
0.4599936,Pa
0.36799488,Pa
0.3066624,Pa
1.16531712,Pa
4.38527232,Pa
0.3066624,Pa
2.17730304,Pa
0.36799488,Pa
1.62531072,Pa
1.3799808,Pa
0.33732864,Pa
0.3066624,Pa
2.7599616,Pa
0.4599936,Pa
0.3066624,Pa
0.42932736,Pa
0.73598976,Pa
0.4599936,Pa
1.01198592,Pa
0.73598976,Pa
0.3066624,Pa
0.67465728,Pa
0.36799488,Pa
0.33732864,Pa
0.33732864,Pa
0.33732864,Pa
0.98131968,Pa
0.49065984,Pa
0.55199232,Pa
0.67465728,Pa
0.3066624,Pa
0.3066624,Pa
0.42932736,Pa
0.33732864,Pa
0.64399104,Pa
1.04265216,Pa
1.34931456,Pa
0.3066624,Pa
0.6133248,Pa
1.0733184,Pa
1.0733184,Pa
0.70532352,Pa
2.51463168,Pa
0.3066624,Pa
0.3066624,Pa
1.31864832,Pa
1.10398464,Pa
0.33732864,Pa
0.3066624,Pa
0.3066624,Pa
0.36799488,Pa
3.28128768,Pa
3.15862272,Pa
0.39866112,Pa
0.3066624,Pa
0.3066624,Pa
0.33732864,Pa
0.4599936,Pa
0.64399104,Pa
2.1466368,Pa
0.3066624,Pa
0.42932736,Pa
0.3066624,Pa
0.3066624,Pa
0.42932736,Pa
1.10398464,Pa
0.33732864,Pa
0.42932736,Pa
0.39866112,Pa
0.42932736,Pa
0.3066624,Pa
0.39866112,Pa
0.67465728,Pa
0.3066624,Pa
0.3066624,Pa
1.93197312,Pa
0.33732864,Pa
0.39866112,Pa
0.3066624,Pa
0.9199872,Pa
0.36799488,Pa
0.64399104,Pa
0.3066624,Pa
0.95065344,Pa
0.33732864,Pa
0.33732864,Pa
0.73598976,Pa
0.36799488,Pa
1.56397824,Pa
0.3066624,Pa
0.67465728,Pa
0.49065984,Pa
0.64399104,Pa
0.33732864,Pa
1.10398464,Pa
0.33732864,Pa
1.74797568,Pa
0.3066624,Pa
3.6799488,Pa
0.82798848,Pa
0.67465728,Pa
0.3066624,Pa
0.33732864,Pa
0.3066624,Pa
0.79732224,Pa
0.85865472,Pa
0.33732864,Pa
1.19598336,Pa
0.42932736,Pa
1.19598336,Pa
0.85865472,Pa
0.6133248,Pa
0.4599936,Pa
0.33732864,Pa
1.25731584,Pa
0.39866112,Pa
0.3066624,Pa
0.36799488,Pa
0.67465728,Pa
1.0733184,Pa
0.33732864,Pa
0.33732864,Pa
1.10398464,Pa
1.10398464,Pa
0.33732864,Pa
1.59464448,Pa
0.42932736,Pa
1.25731584,Pa
0.33732864,Pa
0.4599936,Pa
0.3066624,Pa
0.49065984,Pa
0.73598976,Pa
0.64399104,Pa
1.71730944,Pa
0.3066624,Pa
0.33732864,Pa
0.67465728,Pa
0.36799488,Pa
0.70532352,Pa
0.766656,Pa
0.82798848,Pa
0.39866112,Pa
0.6133248,Pa
0.33732864,Pa
0.3066624,Pa
0.36799488,Pa
0.766656,Pa
0.88932096,Pa
0.33732864,Pa
1.31864832,Pa
0.3066624,Pa
0.3066624,Pa
0.49065984,Pa
1.50264576,Pa
0.39866112,Pa
0.3066624,Pa
0.73598976,Pa
0.36799488,Pa
0.33732864,Pa
1.04265216,Pa
0.49065984,Pa
0.33732864,Pa
0.6133248,Pa
0.39866112,Pa
0.49065984,Pa
0.64399104,Pa
0.3066624,Pa
0.49065984,Pa
0.33732864,Pa
1.50264576,Pa
0.3066624,Pa
1.2266496,Pa
0.70532352,Pa
0.73598976,Pa
0.3066624,Pa
1.0733184,Pa
0.95065344,Pa
0.79732224,Pa
0.33732864,Pa
0.36799488,Pa
1.28798208,Pa
0.3066624,Pa
0.67465728,Pa
0.3066624,Pa
0.39866112,Pa
1.13465088,Pa
0.42932736,Pa
0.6133248,Pa
0.39866112,Pa
1.8399744,Pa
2.54529792,Pa
0.3066624,Pa
6.80790528,Pa
1.16531712,Pa
0.42932736,Pa
0.4599936,Pa
0.3066624,Pa
0.85865472,Pa
2.51463168,Pa
0.70532352,Pa
0.42932736,Pa
0.33732864,Pa
0.49065984,Pa
0.64399104,Pa
0.52132608,Pa
0.73598976,Pa
0.3066624,Pa
0.3066624,Pa
0.3066624,Pa
0.3066624,Pa
5.27459328,Pa
0.95065344,Pa
0.95065344,Pa
1.3799808,Pa
0.49065984,Pa
0.42932736,Pa
0.3066624,Pa
0.3066624,Pa
0.33732864,Pa
1.533312,Pa
2.7599616,Pa
0.3066624,Pa
0.64399104,Pa
0.3066624,Pa
0.79732224,Pa
0.79732224,Pa
2.11597056,Pa
1.50264576,Pa
0.3066624,Pa
0.49065984,Pa
1.0733184,Pa
0.33732864,Pa
0.3066624,Pa
0.79732224,Pa
0.85865472,Pa
0.95065344,Pa
0.33732864,Pa
0.36799488,Pa
0.33732864,Pa
0.33732864,Pa
1.10398464,Pa
2.17730304,Pa
0.33732864,Pa
0.52132608,Pa
0.3066624,Pa
0.36799488,Pa
1.0733184,Pa
0.64399104,Pa
0.3066624,Pa
0.33732864,Pa
1.10398464,Pa
0.82798848,Pa
0.36799488,Pa
0.82798848,Pa
0.6133248,Pa
0.3066624,Pa
0.3066624,Pa
0.3066624,Pa
0.3066624,Pa
0.33732864,Pa
0.88932096,Pa
0.36799488,Pa
0.3066624,Pa
0.42932736,Pa
0.766656,Pa
1.71730944,Pa
0.33732864,Pa
0.67465728,Pa
0.3066624,Pa
1.3799808,Pa
2.17730304,Pa
0.6133248,Pa
0.33732864,Pa
1.56397824,Pa
0.33732864,Pa
0.4599936,Pa
0.33732864,Pa
0.4599936,Pa
0.42932736,Pa
0.3066624,Pa
0.36799488,Pa
0.79732224,Pa
1.19598336,Pa
0.73598976,Pa
0.3066624,Pa
0.4599936,Pa
1.04265216,Pa
0.3066624,Pa
0.3066624,Pa
0.3066624,Pa
0.3066624,Pa
0.3066624,Pa
0.49065984,Pa
0.766656,Pa
0.42932736,Pa
0.42932736,Pa
0.3066624,Pa
0.3066624,Pa
0.3066624,Pa
0.36799488,Pa
0.39866112,Pa
0.3066624,Pa
0.4599936,Pa
0.33732864,Pa
0.64399104,Pa
0.49065984,Pa
0.42932736,Pa
0.3066624,Pa
0.33732864,Pa
1.96263936,Pa
0.33732864,Pa
0.36799488,Pa
0.3066624,Pa
0.33732864,Pa
0.3066624,Pa
0.36799488,Pa
0.3066624,Pa
0.3066624,Pa
0.3066624,Pa
0.36799488,Pa
0.70532352,Pa
0.33732864,Pa
0.85865472,Pa
0.88932096,Pa
0.33732864,Pa
0.6133248,Pa
0.42932736,Pa
0.36799488,Pa
1.65597696,Pa
0.64399104,Pa
0.766656,Pa
0.33732864,Pa
2.39196672,Pa
1.25731584,Pa
0.3066624,Pa
0.88932096,Pa
1.62531072,Pa
0.3066624,Pa
0.42932736,Pa
0.52132608,Pa
0.39866112,Pa
0.3066624,Pa
0.3066624,Pa
1.3799808,Pa
0.33732864,Pa
0.42932736,Pa
1.56397824,Pa
0.3066624,Pa
0.39866112,Pa
0.39866112,Pa
0.3066624,Pa
0.95065344,Pa
0.33732864,Pa
1.90130688,Pa
0.39866112,Pa
0.36799488,Pa
0.36799488,Pa
0.3066624,Pa
0.79732224,Pa
0.67465728,Pa
0.79732224,Pa
0.3066624,Pa
0.82798848,Pa
0.3066624,Pa
0.3066624,Pa
0.4599936,Pa
0.64399104,Pa
0.3066624,Pa
1.50264576,Pa
1.01198592,Pa
1.10398464,Pa
0.3066624,Pa
0.95065344,Pa
0.73598976,Pa
0.3066624,Pa
1.6866432,Pa
1.93197312,Pa
1.19598336,Pa
0.33732864,Pa
0.70532352,Pa
1.96263936,Pa
0.3066624,Pa
1.2266496,Pa
0.3066624,Pa
1.2266496,Pa
0.82798848,Pa
0.39866112,Pa
1.2266496,Pa
0.36799488,Pa
0.3066624,Pa
3.74128128,Pa
0.33732864,Pa
1.0733184,Pa
0.39866112,Pa
0.39866112,Pa
0.3066624,Pa
0.3066624,Pa
0.36799488,Pa
0.33732864,Pa
0.39866112,Pa
0.3066624,Pa
0.3066624,Pa
0.64399104,Pa
0.49065984,Pa
0.64399104,Pa
0.3066624,Pa
0.67465728,Pa
0.3066624,Pa
1.87064064,Pa
1.9933056,Pa
0.39866112,Pa
0.36799488,Pa
0.6133248,Pa
0.70532352,Pa
0.49065984,Pa
0.52132608,Pa
2.26930176,Pa
0.39866112,Pa
0.64399104,Pa
0.3066624,Pa
2.299968,Pa
0.766656,Pa
0.3066624,Pa
1.71730944,Pa
0.52132608,Pa
0.766656,Pa
0.4599936,Pa
0.42932736,Pa
0.36799488,Pa
0.36799488,Pa
0.73598976,Pa
0.3066624,Pa
0.3066624,Pa
0.33732864,Pa
0.67465728,Pa
0.85865472,Pa
0.36799488,Pa
0.3066624,Pa
0.3066624,Pa
0.64399104,Pa
0.33732864,Pa
0.88932096,Pa
0.39866112,Pa
0.42932736,Pa
0.36799488,Pa
0.82798848,Pa
0.3066624,Pa
0.58265856,Pa
0.3066624,Pa
0.3066624,Pa
0.39866112,Pa
0.39866112,Pa
0.33732864,Pa
0.52132608,Pa
0.39866112,Pa
0.33732864,Pa
0.33732864,Pa
0.73598976,Pa
0.36799488,Pa
0.42932736,Pa
0.36799488,Pa
0.3066624,Pa
0.36799488,Pa
1.90130688,Pa
0.36799488,Pa
0.36799488,Pa
0.36799488,Pa
0.4599936,Pa
2.6066304,Pa
0.33732864,Pa
0.36799488,Pa
0.33732864,Pa
0.52132608,Pa
0.3066624,Pa
0.3066624,Pa
0.33732864,Pa
0.36799488,Pa
1.93197312,Pa
0.73598976,Pa
0.3066624,Pa
1.19598336,Pa
0.49065984,Pa
0.79732224,Pa
0.42932736,Pa
0.3066624,Pa
2.299968,Pa
1.44131328,Pa
0.3066624,Pa
0.33732864,Pa
1.50264576,Pa
0.49065984,Pa
0.67465728,Pa
0.3066624,Pa
1.28798208,Pa
0.39866112,Pa
0.6133248,Pa
0.3066624,Pa
0.42932736,Pa
0.33732864,Pa
0.3066624,Pa
0.36799488,Pa
1.04265216,Pa
0.3066624,Pa
1.93197312,Pa
0.33732864,Pa
1.2266496,Pa
0.36799488,Pa
0.49065984,Pa
1.28798208,Pa
0.79732224,Pa
0.3066624,Pa
0.33732864,Pa
0.42932736,Pa
0.64399104,Pa
0.36799488,Pa
0.3066624,Pa
0.3066624,Pa
0.36799488,Pa
0.33732864,Pa
0.70532352,Pa
0.3066624,Pa
0.33732864,Pa
1.16531712,Pa
0.3066624,Pa
0.36799488,Pa
0.36799488,Pa
0.3066624,Pa
2.11597056,Pa
0.33732864,Pa
0.3066624,Pa
0.3066624,Pa
0.55199232,Pa
0.79732224,Pa
1.04265216,Pa
0.39866112,Pa
0.58265856,Pa
0.3066624,Pa
0.98131968,Pa
0.3066624,Pa
0.33732864,Pa
0.3066624,Pa
0.9199872,Pa
0.33732864,Pa
1.16531712,Pa
0.36799488,Pa
0.4599936,Pa
0.52132608,Pa
0.64399104,Pa
0.3066624,Pa
1.19598336,Pa
0.3066624,Pa
1.10398464,Pa
0.82798848,Pa
0.3066624,Pa
0.88932096,Pa
0.49065984,Pa
0.9199872,Pa
0.39866112,Pa
0.3066624,Pa
0.36799488,Pa
2.11597056,Pa
0.3066624,Pa
0.33732864,Pa
0.33732864,Pa
0.88932096,Pa
0.42932736,Pa
0.36799488,Pa
2.11597056,Pa
0.3066624,Pa
0.42932736,Pa
0.3066624,Pa
0.36799488,Pa
0.39866112,Pa
0.33732864,Pa
0.36799488,Pa
0.42932736,Pa
0.3066624,Pa
0.33732864,Pa
0.39866112,Pa
0.36799488,Pa
1.41064704,Pa
0.73598976,Pa
0.42932736,Pa
2.20796928,Pa
0.39866112,Pa
0.4599936,Pa
2.26930176,Pa
0.73598976,Pa
0.70532352,Pa
1.19598336,Pa
0.33732864,Pa
1.65597696,Pa
0.3066624,Pa
0.3066624,Pa
0.36799488,Pa
3.83328,Pa
0.3066624,Pa
0.33732864,Pa
0.52132608,Pa
0.98131968,Pa
0.4599936,Pa
0.4599936,Pa
0.36799488,Pa
1.31864832,Pa
0.36799488,Pa
0.3066624,Pa
0.39866112,Pa
0.9199872,Pa
0.36799488,Pa
0.88932096,Pa
1.19598336,Pa
0.39866112,Pa
2.11597056,Pa
0.4599936,Pa
0.39866112,Pa
0.3066624,Pa
0.36799488,Pa
0.4599936,Pa
0.766656,Pa
0.42932736,Pa
0.79732224,Pa
0.3066624,Pa
0.3066624,Pa
0.3066624,Pa
0.36799488,Pa
0.36799488,Pa
0.3066624,Pa
0.70532352,Pa
0.33732864,Pa
0.3066624,Pa
0.39866112,Pa
0.3066624,Pa
0.3066624,Pa
0.33732864,Pa
0.33732864,Pa
0.36799488,Pa
1.62531072,Pa
0.33732864,Pa
0.88932096,Pa
0.3066624,Pa
0.33732864,Pa
0.33732864,Pa
0.42932736,Pa
0.98131968,Pa
1.0733184,Pa
0.3066624,Pa
0.33732864,Pa
0.73598976,Pa
0.33732864,Pa
0.36799488,Pa
0.3066624,Pa
0.3066624,Pa
0.49065984,Pa
0.39866112,Pa
0.3066624,Pa
0.39866112,Pa
0.85865472,Pa
0.70532352,Pa
1.3799808,Pa
0.36799488,Pa
0.85865472,Pa
0.3066624,Pa
0.33732864,Pa
0.3066624,Pa
0.36799488,Pa
0.39866112,Pa
0.33732864,Pa
1.56397824,Pa
0.36799488,Pa
1.77864192,Pa
0.49065984,Pa
1.28798208,Pa
0.95065344,Pa
0.3066624,Pa
1.04265216,Pa
1.01198592,Pa
0.64399104,Pa
0.33732864,Pa
0.3066624,Pa
0.3066624,Pa
0.79732224,Pa
0.36799488,Pa
0.88932096,Pa
0.3066624,Pa
0.36799488,Pa
0.36799488,Pa
0.33732864,Pa
3.55728384,Pa
0.98131968,Pa
0.33732864,Pa
1.9933056,Pa
0.3066624,Pa
0.766656,Pa
0.36799488,Pa
0.3066624,Pa
0.3066624,Pa
0.36799488,Pa
0.39866112,Pa
0.49065984,Pa
1.2266496,Pa
0.33732864,Pa
1.50264576,Pa
1.3799808,Pa
0.95065344,Pa
0.73598976,Pa
0.42932736,Pa
1.41064704,Pa
0.42932736,Pa
0.3066624,Pa
0.3066624,Pa
0.33732864,Pa
0.52132608,Pa
0.36799488,Pa
0.3066624,Pa
1.2266496,Pa
1.50264576,Pa
0.3066624,Pa
0.3066624,Pa
0.42932736,Pa
0.3066624,Pa
0.3066624,Pa
0.67465728,Pa
0.73598976,Pa
0.36799488,Pa
0.55199232,Pa
2.51463168,Pa
0.42932736,Pa
0.42932736,Pa
0.73598976,Pa
0.39866112,Pa
2.69862912,Pa
1.10398464,Pa
0.3066624,Pa
0.33732864,Pa
0.3066624,Pa
0.3066624,Pa
0.42932736,Pa
0.3066624,Pa
1.2266496,Pa
0.95065344,Pa
0.39866112,Pa
0.4599936,Pa
0.33732864,Pa
0.39866112,Pa
0.36799488,Pa
0.33732864,Pa
0.36799488,Pa
0.9199872,Pa
0.33732864,Pa
1.16531712,Pa
0.36799488,Pa
0.3066624,Pa
0.33732864,Pa
0.79732224,Pa
0.6133248,Pa
0.33732864,Pa
0.33732864,Pa
0.64399104,Pa
1.2266496,Pa
0.39866112,Pa
0.3066624,Pa
0.70532352,Pa
0.33732864,Pa
0.36799488,Pa
1.01198592,Pa
0.39866112,Pa
0.4599936,Pa
0.70532352,Pa
0.36799488,Pa
0.3066624,Pa
0.79732224,Pa
0.33732864,Pa
0.3066624,Pa
0.33732864,Pa
0.33732864,Pa
0.3066624,Pa
0.33732864,Pa
1.47197952,Pa
0.33732864,Pa
0.42932736,Pa
0.33732864,Pa
0.42932736,Pa
1.16531712,Pa
0.58265856,Pa
0.64399104,Pa
0.36799488,Pa
0.36799488,Pa
0.98131968,Pa
0.36799488,Pa
1.10398464,Pa
0.36799488,Pa
0.3066624,Pa
0.36799488,Pa
0.39866112,Pa
1.34931456,Pa
0.36799488,Pa
0.3066624,Pa
0.3066624,Pa
0.67465728,Pa
0.3066624,Pa
0.82798848,Pa
0.3066624,Pa
0.73598976,Pa
0.67465728,Pa
0.64399104,Pa
0.33732864,Pa
0.3066624,Pa
0.3066624,Pa
0.33732864,Pa
0.33732864,Pa
0.3066624,Pa
0.33732864,Pa
2.26930176,Pa
0.39866112,Pa
0.3066624,Pa
0.39866112,Pa
0.33732864,Pa
0.3066624,Pa
0.3066624,Pa
0.3066624,Pa
0.33732864,Pa
0.3066624,Pa
0.3066624,Pa
0.3066624,Pa
0.3066624,Pa
0.73598976,Pa
1.10398464,Pa
0.3066624,Pa
1.10398464,Pa
0.39866112,Pa
0.42932736,Pa
0.33732864,Pa
0.33732864,Pa
0.3066624,Pa
0.39866112,Pa
0.33732864,Pa
0.33732864,Pa
0.3066624,Pa
0.3066624,Pa
0.36799488,Pa
0.36799488,Pa
0.55199232,Pa
0.33732864,Pa
0.33732864,Pa
0.79732224,Pa
0.3066624,Pa
0.33732864,Pa
0.36799488,Pa
0.3066624,Pa
0.3066624,Pa
0.33732864,Pa
0.42932736,Pa
0.52132608,Pa
0.3066624,Pa
0.36799488,Pa
0.67465728,Pa
0.33732864,Pa
0.33732864,Pa
0.33732864,Pa
0.3066624,Pa
0.33732864,Pa
0.4599936,Pa
0.3066624,Pa
0.33732864,Pa
1.16531712,Pa
0.33732864,Pa
0.3066624,Pa
0.52132608,Pa
0.6133248,Pa
0.3066624,Pa
0.3066624,Pa
0.64399104,Pa
0.42932736,Pa
0.33732864,Pa
0.33732864,Pa
0.3066624,Pa
0.4599936,Pa
0.42932736,Pa
0.33732864,Pa
0.49065984,Pa
0.3066624,Pa
0.64399104,Pa
0.3066624,Pa
0.4599936,Pa
0.33732864,Pa
0.33732864,Pa
0.3066624,Pa
0.39866112,Pa
0.36799488,Pa
0.33732864,Pa
0.33732864,Pa
0.33732864,Pa
0.88932096,Pa
0.70532352,Pa
0.3066624,Pa
0.6133248,Pa
0.39866112,Pa
0.6133248,Pa
0.39866112,Pa
0.64399104,Pa
0.3066624,Pa
0.79732224,Pa
0.33732864,Pa
0.33732864,Pa
0.36799488,Pa
0.33732864,Pa
0.4599936,Pa
0.36799488,Pa
0.3066624,Pa
0.36799488,Pa
0.3066624,Pa
0.36799488,Pa
0.39866112,Pa
0.33732864,Pa
0.3066624,Pa
0.3066624,Pa
0.36799488,Pa
